 Cycle Period  BidPrice Bid Volumes
   191      1         1        0.00
   191      1         2        0.00
   191      1         3        0.00
   191      1         4        0.00
   191      2         1        0.00
   191      2         2        0.00
   191      2         3        0.00
   191      2         4        0.00
   191      3         1        0.00
   191      3         2        0.00
   191      3         3        0.00
   191      3         4        0.00
   191      4         1        0.00
   191      4         2        0.00
   191      4         3        0.00
   191      4         4        0.00
   191      5         1        0.00
   191      5         2        0.00
   191      5         3        0.00
   191      5         4        0.00
   191      6         1        0.00
   191      6         2        0.00
   191      6         3        0.00
   191      6         4        0.00
   191      7         1        0.00
   191      7         2        0.00
   191      7         3        0.00
   191      7         4       -0.00
   191      8         1        0.00
   191      8         2        0.00
   191      8         3        0.00
   191      8         4        0.00
   191      9         1        0.00
   191      9         2        0.00
   191      9         3        0.00
   191      9         4        0.00
   191     10         1        0.00
   191     10         2        0.00
   191     10         3        0.00
   191     10         4       -0.00
   191     11         1        0.00
   191     11         2        0.00
   191     11         3        0.00
   191     11         4       32.91
   191     12         1        0.00
   191     12         2        0.00
   191     12         3        0.00
   191     12         4       25.05
   191     13         1        0.00
   191     13         2        0.00
   191     13         3        0.00
   191     13         4       17.04
   200      1         1        0.00
   200      1         2        0.00
   200      1         3        0.00
   200      1         4        0.00
   200      2         1        0.00
   200      2         2        0.00
   200      2         3        0.00
   200      2         4        0.00
   200      3         1        0.00
   200      3         2        0.00
   200      3         3        0.00
   200      3         4        0.00
   200      4         1        0.00
   200      4         2        0.00
   200      4         3        0.00
   200      4         4        0.00
   200      5         1        0.00
   200      5         2        0.00
   200      5         3        0.00
   200      5         4        0.00
   200      6         1        0.00
   200      6         2        0.00
   200      6         3        0.00
   200      6         4        0.00
   200      7         1        0.00
   200      7         2        0.00
   200      7         3        0.00
   200      7         4        0.00
   200      8         1        0.00
   200      8         2        0.00
   200      8         3        0.00
   200      8         4        0.00
   200      9         1        0.00
   200      9         2        0.00
   200      9         3        0.00
   200      9         4       43.30
   200     10         1        0.00
   200     10         2        0.00
   200     10         3       47.54
   200     10         4       40.88
   200     11         1        0.00
   200     11         2        0.00
   200     11         3        0.00
   200     11         4        0.00
   200     12         1        0.00
   200     12         2        0.00
   200     12         3        0.00
   200     12         4       36.80
   209      1         1        0.00
   209      1         2        0.00
   209      1         3        0.00
   209      1         4        0.00
   209      2         1        0.00
   209      2         2        0.00
   209      2         3        0.00
   209      2         4        0.00
   209      3         1        0.00
   209      3         2        0.00
   209      3         3        0.00
   209      3         4        0.00
   209      4         1        0.00
   209      4         2        0.00
   209      4         3        0.00
   209      4         4        0.00
   209      5         1        0.00
   209      5         2        0.00
   209      5         3        0.00
   209      5         4        0.00
   209      6         1        0.00
   209      6         2        0.00
   209      6         3        0.00
   209      6         4        0.00
   209      7         1        0.00
   209      7         2        0.00
   209      7         3        0.00
   209      7         4        0.00
   209      8         1        0.00
   209      8         2        0.00
   209      8         3        0.00
   209      8         4        0.00
   209      9         1        0.00
   209      9         2       70.81
   209      9         3       70.81
   209      9         4       70.81
   209     10         1        0.00
   209     10         2        0.00
   209     10         3      107.85
   209     10         4        0.00
   209     11         1        0.00
   209     11         2        0.00
   209     11         3       96.61
   209     11         4        0.00
   209     12         1        0.00
   209     12         2       80.44
   209     12         3       80.44
   209     12         4       80.44
   218      1         1        0.00
   218      1         2        0.00
   218      1         3        0.00
   218      1         4        0.00
   218      2         1        0.00
   218      2         2        0.00
   218      2         3        0.00
   218      2         4        0.00
   218      3         1        0.00
   218      3         2        0.00
   218      3         3        0.00
   218      3         4        0.00
   218      4         1        0.00
   218      4         2        0.00
   218      4         3        0.00
   218      4         4        0.00
   218      5         1        0.00
   218      5         2        0.00
   218      5         3        0.00
   218      5         4        0.00
   218      6         1        0.00
   218      6         2        0.00
   218      6         3        0.00
   218      6         4        0.00
   218      7         1        0.00
   218      7         2        0.00
   218      7         3        0.00
   218      7         4        0.00
   218      8         1        0.00
   218      8         2       67.21
   218      8         3        0.00
   218      8         4       64.81
   218      9         1        0.00
   218      9         2        0.00
   218      9         3        0.00
   218      9         4       63.87
   218     10         1       91.39
   218     10         2      104.64
   218     10         3      104.64
   218     10         4      104.64
   218     11         1        0.00
   218     11         2       94.93
   218     11         3       94.93
   218     11         4       94.93
   218     12         1       70.73
   218     12         2       81.03
   218     12         3       81.03
   218     12         4       81.03
   627      1         1        0.00
   627      1         2        0.00
   627      1         3        0.00
   627      1         4        0.00
   627      2         1        0.00
   627      2         2        0.00
   627      2         3        0.00
   627      2         4        0.00
   627      3         1        0.00
   627      3         2        0.00
   627      3         3        0.00
   627      3         4        0.00
   627      4         1        0.00
   627      4         2        0.00
   627      4         3        0.00
   627      4         4        0.00
   627      5         1        0.00
   627      5         2        0.00
   627      5         3        0.00
   627      5         4        0.00
   627      6         1        0.00
   627      6         2        0.00
   627      6         3        0.00
   627      6         4        0.00
   627      7         1        0.00
   627      7         2        0.00
   627      7         3        0.00
   627      7         4        0.00
   627      8         1        0.00
   627      8         2        0.00
   627      8         3        0.00
   627      8         4        0.00
   627      9         1        0.00
   627      9         2       64.79
   627      9         3        0.00
   627      9         4        0.00
   627     10         1        0.00
   627     10         2       65.05
   627     10         3       58.69
   627     10         4       58.69
   627     11         1        0.00
   627     11         2        0.00
   627     11         3       88.64
   627     11         4       88.64
   627     12         1       73.18
   627     12         2        0.00
   627     12         3       73.18
   627     12         4       73.18
   636      1         1        0.00
   636      1         2        0.00
   636      1         3        0.00
   636      1         4        0.00
   636      2         1        0.00
   636      2         2        0.00
   636      2         3        0.00
   636      2         4        0.00
   636      3         1        0.00
   636      3         2        0.00
   636      3         3        0.00
   636      3         4        0.00
   636      4         1        0.00
   636      4         2        0.00
   636      4         3        0.00
   636      4         4        0.00
   636      5         1        0.00
   636      5         2        0.00
   636      5         3        0.00
   636      5         4        0.00
   636      6         1        0.00
   636      6         2        0.00
   636      6         3        0.00
   636      6         4        0.00
   636      7         1        0.00
   636      7         2        0.00
   636      7         3        0.00
   636      7         4        0.00
   636      8         1        0.00
   636      8         2        0.00
   636      8         3        0.00
   636      8         4        0.00
   636      9         1        0.00
   636      9         2        0.00
   636      9         3        8.20
   636      9         4        0.00
   636     10         1        0.00
   636     10         2        0.00
   636     10         3       36.11
   636     10         4        0.00
   636     11         1       26.27
   636     11         2        0.00
   636     11         3       28.31
   636     11         4       37.94
   636     12         1        0.00
   636     12         2        0.00
   636     12         3        0.00
   636     12         4       31.74
   645      1         1        0.00
   645      1         2        0.00
   645      1         3        0.00
   645      1         4        0.00
   645      2         1        0.00
   645      2         2        0.00
   645      2         3        0.00
   645      2         4        0.00
   645      3         1        0.00
   645      3         2        0.00
   645      3         3        0.00
   645      3         4        0.00
   645      4         1        0.00
   645      4         2        0.00
   645      4         3        0.00
   645      4         4        0.00
   645      5         1        0.00
   645      5         2        0.00
   645      5         3        0.00
   645      5         4        0.00
   645      6         1        0.00
   645      6         2        0.00
   645      6         3        0.00
   645      6         4        0.00
   645      7         1        0.00
   645      7         2        0.00
   645      7         3        0.00
   645      7         4        0.00
   645      8         1        0.00
   645      8         2        0.00
   645      8         3        0.00
   645      8         4        0.00
   645      9         1        0.00
   645      9         2        0.00
   645      9         3        0.00
   645      9         4        0.00
   645     10         1        0.00
   645     10         2       22.03
   645     10         3        0.00
   645     10         4       18.51
   645     11         1       24.16
   645     11         2       15.05
   645     11         3       24.11
   645     11         4       24.16
   645     12         1       11.54
   645     12         2       13.27
   645     12         3        0.00
   645     12         4       24.70
   645     13         1       11.72
   645     13         2       10.33
   645     13         3        0.00
   645     13         4       16.89
  1105      1         1        0.00
  1105      1         2        0.00
  1105      1         3        0.00
  1105      1         4        0.00
  1105      2         1        0.00
  1105      2         2        0.00
  1105      2         3        0.00
  1105      2         4        0.00
  1105      3         1        0.00
  1105      3         2        0.00
  1105      3         3        0.00
  1105      3         4        0.00
  1105      4         1        0.00
  1105      4         2        0.00
  1105      4         3        0.00
  1105      4         4        0.00
  1105      5         1        0.00
  1105      5         2        0.00
  1105      5         3        0.00
  1105      5         4        0.00
  1105      6         1        0.00
  1105      6         2        0.00
  1105      6         3        0.00
  1105      6         4        0.00
  1105      7         1        0.00
  1105      7         2        0.00
  1105      7         3        0.00
  1105      7         4        0.00
  1105      8         1        0.00
  1105      8         2        0.00
  1105      8         3        0.00
  1105      8         4        0.00
  1105      9         1        0.00
  1105      9         2        0.00
  1105      9         3        0.00
  1105      9         4        0.00
  1105     10         1        0.00
  1105     10         2        0.00
  1105     10         3        0.00
  1105     10         4        0.00
  1105     11         1        0.00
  1105     11         2        0.00
  1105     11         3        0.00
  1105     11         4        0.00
  1105     12         1        0.00
  1105     12         2        0.00
  1105     12         3       12.73
  1105     12         4        0.00
  1105     13         1        0.00
  1105     13         2        0.00
  1105     13         3        0.00
  1105     13         4        0.00
  1114      1         1        0.00
  1114      1         2        0.00
  1114      1         3        0.00
  1114      1         4        0.00
  1114      2         1        0.00
  1114      2         2        0.00
  1114      2         3        0.00
  1114      2         4        0.00
  1114      3         1        0.00
  1114      3         2        0.00
  1114      3         3        0.00
  1114      3         4        0.00
  1114      4         1        0.00
  1114      4         2        0.00
  1114      4         3        0.00
  1114      4         4        0.00
  1114      5         1        0.00
  1114      5         2        0.00
  1114      5         3        0.00
  1114      5         4        0.00
  1114      6         1        0.00
  1114      6         2        0.00
  1114      6         3        0.00
  1114      6         4        0.00
  1114      7         1        0.00
  1114      7         2        0.00
  1114      7         3        0.00
  1114      7         4        0.00
  1114      8         1        0.00
  1114      8         2        0.00
  1114      8         3        0.00
  1114      8         4        0.00
  1114      9         1        0.00
  1114      9         2        0.00
  1114      9         3        0.00
  1114      9         4        0.00
  1114     10         1        0.00
  1114     10         2        0.00
  1114     10         3        0.00
  1114     10         4        0.00
  1114     11         1        0.00
  1114     11         2        0.00
  1114     11         3        0.00
  1114     11         4        0.00
  1114     12         1        0.00
  1114     12         2        0.00
  1114     12         3        0.00
  1114     12         4        0.00
  1123      1         1        0.00
  1123      1         2        0.00
  1123      1         3        0.00
  1123      1         4        0.00
  1123      2         1        0.00
  1123      2         2        0.00
  1123      2         3        0.00
  1123      2         4        0.00
  1123      3         1        0.00
  1123      3         2        0.00
  1123      3         3        0.00
  1123      3         4        0.00
  1123      4         1        0.00
  1123      4         2        0.00
  1123      4         3        0.00
  1123      4         4        0.00
  1123      5         1        0.00
  1123      5         2        0.00
  1123      5         3        0.00
  1123      5         4        0.00
  1123      6         1        0.00
  1123      6         2        0.00
  1123      6         3        0.00
  1123      6         4        0.00
  1123      7         1        0.00
  1123      7         2        0.00
  1123      7         3        0.00
  1123      7         4        0.00
  1123      8         1        0.00
  1123      8         2        0.00
  1123      8         3        0.00
  1123      8         4        0.00
  1123      9         1       69.42
  1123      9         2        0.00
  1123      9         3        0.00
  1123      9         4       69.51
  1123     10         1      103.15
  1123     10         2        0.00
  1123     10         3        0.00
  1123     10         4      103.26
  1123     11         1       92.10
  1123     11         2        0.00
  1123     11         3        0.00
  1123     11         4       92.20
  1123     12         1       77.56
  1123     12         2       60.88
  1123     12         3       77.56
  1123     12         4       77.56
  1362      1         1        0.00
  1362      1         2        0.00
  1362      1         3        0.00
  1362      1         4        0.00
  1362      2         1        0.00
  1362      2         2        0.00
  1362      2         3        0.00
  1362      2         4        0.00
  1362      3         1        0.00
  1362      3         2        0.00
  1362      3         3        0.00
  1362      3         4        0.00
  1362      4         1        0.00
  1362      4         2        0.00
  1362      4         3        0.00
  1362      4         4        0.00
  1362      5         1        0.00
  1362      5         2        0.00
  1362      5         3        0.00
  1362      5         4        0.00
  1362      6         1        0.00
  1362      6         2        0.00
  1362      6         3        0.00
  1362      6         4        0.00
  1362      7         1        0.00
  1362      7         2        0.00
  1362      7         3        0.00
  1362      7         4        0.00
  1362      8         1       60.69
  1362      8         2       64.10
  1362      8         3       64.10
  1362      8         4       64.10
  1362      9         1       60.38
  1362      9         2       62.92
  1362      9         3       62.92
  1362      9         4       62.92
  1362     10         1       99.86
  1362     10         2      102.74
  1362     10         3      102.74
  1362     10         4        0.00
  1362     11         1       90.38
  1362     11         2       92.92
  1362     11         3       92.92
  1362     11         4       92.92
  1362     12         1        0.00
  1362     12         2       78.97
  1362     12         3       78.97
  1362     12         4       78.97
  1371      1         1        0.00
  1371      1         2        0.00
  1371      1         3        0.00
  1371      1         4        0.00
  1371      2         1        0.00
  1371      2         2        0.00
  1371      2         3        0.00
  1371      2         4        0.00
  1371      3         1        0.00
  1371      3         2        0.00
  1371      3         3        0.00
  1371      3         4        0.00
  1371      4         1        0.00
  1371      4         2        0.00
  1371      4         3        0.00
  1371      4         4        0.00
  1371      5         1        0.00
  1371      5         2        0.00
  1371      5         3        0.00
  1371      5         4        0.00
  1371      6         1        0.00
  1371      6         2        0.00
  1371      6         3        0.00
  1371      6         4        0.00
  1371      7         1        0.00
  1371      7         2        0.00
  1371      7         3        0.00
  1371      7         4        0.00
  1371      8         1        0.00
  1371      8         2        0.00
  1371      8         3        0.00
  1371      8         4       51.68
  1371      9         1       48.51
  1371      9         2       51.81
  1371      9         3        0.00
  1371      9         4       52.13
  1371     10         1        0.00
  1371     10         2        0.00
  1371     10         3        0.00
  1371     10         4        0.00
  1371     11         1       48.89
  1371     11         2        0.00
  1371     11         3       82.77
  1371     11         4        0.00
  1371     12         1        0.00
  1371     12         2        0.00
  1371     12         3        0.00
  1371     12         4        0.00
  1380      1         1        0.00
  1380      1         2        0.00
  1380      1         3        0.00
  1380      1         4        0.00
  1380      2         1        0.00
  1380      2         2        0.00
  1380      2         3        0.00
  1380      2         4        0.00
  1380      3         1        0.00
  1380      3         2        0.00
  1380      3         3        0.00
  1380      3         4        0.00
  1380      4         1        0.00
  1380      4         2        0.00
  1380      4         3        0.00
  1380      4         4        0.00
  1380      5         1        0.00
  1380      5         2        0.00
  1380      5         3        0.00
  1380      5         4        0.00
  1380      6         1        0.00
  1380      6         2        0.00
  1380      6         3        0.00
  1380      6         4        0.00
  1380      7         1        0.00
  1380      7         2        0.00
  1380      7         3        0.00
  1380      7         4        0.00
  1380      8         1        0.00
  1380      8         2        0.00
  1380      8         3        0.00
  1380      8         4        0.00
  1380      9         1       27.02
  1380      9         2       35.54
  1380      9         3       35.68
  1380      9         4       29.32
  1380     10         1       23.49
  1380     10         2        0.00
  1380     10         3       27.72
  1380     10         4       31.71
  1380     11         1        0.00
  1380     11         2       25.93
  1380     11         3       25.88
  1380     11         4       25.90
  1380     12         1        0.00
  1380     12         2       21.28
  1380     12         3       13.54
  1380     12         4       24.30
  1386      1         1        0.00
  1386      1         2        0.00
  1386      1         3        0.00
  1386      1         4        0.00
  1386      2         1        0.00
  1386      2         2        0.00
  1386      2         3        0.00
  1386      2         4        0.00
  1386      3         1        0.00
  1386      3         2        0.00
  1386      3         3        0.00
  1386      3         4        0.00
  1386      4         1        0.00
  1386      4         2        0.00
  1386      4         3        0.00
  1386      4         4        0.00
  1386      5         1        0.00
  1386      5         2        0.00
  1386      5         3        0.00
  1386      5         4        0.00
  1386      6         1        0.00
  1386      6         2        0.00
  1386      6         3        0.00
  1386      6         4        0.00
  1386      7         1        0.00
  1386      7         2        0.00
  1386      7         3        0.00
  1386      7         4        0.00
  1386      8         1        0.00
  1386      8         2        0.00
  1386      8         3        0.00
  1386      8         4        0.00
  1386      9         1        0.00
  1386      9         2        0.00
  1386      9         3        0.00
  1386      9         4        5.54
  1386     10         1       26.06
  1386     10         2       16.06
  1386     10         3       32.14
  1386     10         4       32.14
  1386     11         1       27.89
  1386     11         2        0.00
  1386     11         3       19.03
  1386     11         4        0.00
  1386     12         1       20.80
  1386     12         2        0.00
  1386     12         3       21.47
  1386     12         4        0.00
  1386     13         1        0.00
  1386     13         2        0.00
  1386     13         3        0.00
  1386     13         4        0.00
   194      1         1        0.00
   194      1         2        0.00
   194      1         3        0.00
   194      1         4        0.00
   194      2         1        0.00
   194      2         2        0.00
   194      2         3        0.00
   194      2         4        0.00
   194      3         1        0.00
   194      3         2        0.00
   194      3         3        0.00
   194      3         4        0.00
   194      4         1        0.00
   194      4         2        0.00
   194      4         3        0.00
   194      4         4        0.00
   194      5         1        0.00
   194      5         2        0.00
   194      5         3        0.00
   194      5         4        0.00
   194      6         1        0.00
   194      6         2        0.00
   194      6         3        0.00
   194      6         4        0.00
   194      7         1        0.00
   194      7         2        0.00
   194      7         3        0.00
   194      7         4        0.00
   194      8         1        0.00
   194      8         2        0.00
   194      8         3        0.00
   194      8         4        0.00
   194      9         1        0.00
   194      9         2        0.00
   194      9         3        0.00
   194      9         4        0.00
   194     10         1       26.91
   194     10         2        0.00
   194     10         3       34.30
   194     10         4       39.21
   194     11         1        0.00
   194     11         2       30.80
   194     11         3       13.69
   194     11         4        0.00
   194     12         1        0.00
   194     12         2        0.00
   194     12         3       28.59
   194     12         4        0.00
   194     13         1        0.00
   194     13         2        0.00
   194     13         3       19.23
   194     13         4        0.00
   203      1         1        0.00
   203      1         2        0.00
   203      1         3        0.00
   203      1         4        0.00
   203      2         1        0.00
   203      2         2        0.00
   203      2         3        0.00
   203      2         4        0.00
   203      3         1        0.00
   203      3         2        0.00
   203      3         3        0.00
   203      3         4        0.00
   203      4         1        0.00
   203      4         2        0.00
   203      4         3        0.00
   203      4         4        0.00
   203      5         1        0.00
   203      5         2        0.00
   203      5         3        0.00
   203      5         4        0.00
   203      6         1        0.00
   203      6         2        0.00
   203      6         3        0.00
   203      6         4        0.00
   203      7         1        0.00
   203      7         2        0.00
   203      7         3        0.00
   203      7         4        0.00
   203      8         1       39.16
   203      8         2        0.00
   203      8         3        0.00
   203      8         4        0.00
   203      9         1        0.00
   203      9         2        0.00
   203      9         3        0.00
   203      9         4        0.00
   203     10         1       46.74
   203     10         2       46.74
   203     10         3       46.74
   203     10         4       46.74
   203     11         1       43.71
   203     11         2       43.71
   203     11         3        0.00
   203     11         4        0.00
   203     12         1       38.61
   203     12         2       38.61
   203     12         3       38.61
   203     12         4       47.70
   212      1         1        0.00
   212      1         2        0.00
   212      1         3        0.00
   212      1         4        0.00
   212      2         1        0.00
   212      2         2        0.00
   212      2         3        0.00
   212      2         4        0.00
   212      3         1        0.00
   212      3         2        0.00
   212      3         3        0.00
   212      3         4        0.00
   212      4         1        0.00
   212      4         2        0.00
   212      4         3        0.00
   212      4         4        0.00
   212      5         1        0.00
   212      5         2        0.00
   212      5         3        0.00
   212      5         4        0.00
   212      6         1        0.00
   212      6         2        0.00
   212      6         3        0.00
   212      6         4        0.00
   212      7         1        0.00
   212      7         2        0.00
   212      7         3        0.00
   212      7         4        0.00
   212      8         1        0.00
   212      8         2        0.00
   212      8         3        0.00
   212      8         4       62.15
   212      9         1        0.00
   212      9         2        0.00
   212      9         3        0.00
   212      9         4       74.47
   212     10         1        0.00
   212     10         2        0.00
   212     10         3       91.77
   212     10         4      113.73
   212     11         1       88.55
   212     11         2       88.55
   212     11         3       88.55
   212     11         4        0.00
   212     12         1       60.16
   212     12         2       88.15
   212     12         3        0.00
   212     12         4        0.00
   621      1         1        0.00
   621      1         2        0.00
   621      1         3        0.00
   621      1         4        0.00
   621      2         1        0.00
   621      2         2        0.00
   621      2         3        0.00
   621      2         4        0.00
   621      3         1        0.00
   621      3         2        0.00
   621      3         3        0.00
   621      3         4        0.00
   621      4         1        0.00
   621      4         2        0.00
   621      4         3        0.00
   621      4         4        0.00
   621      5         1        0.00
   621      5         2        0.00
   621      5         3        0.00
   621      5         4        0.00
   621      6         1        0.00
   621      6         2        0.00
   621      6         3        0.00
   621      6         4        0.00
   621      7         1        0.00
   621      7         2        0.00
   621      7         3        0.00
   621      7         4        0.00
   621      8         1        0.00
   621      8         2        0.00
   621      8         3       63.19
   621      8         4       63.19
   621      9         1        1.67
   621      9         2       61.73
   621      9         3       61.73
   621      9         4       61.73
   621     10         1      100.56
   621     10         2      100.56
   621     10         3       73.98
   621     10         4        0.00
   621     11         1        0.00
   621     11         2       65.28
   621     11         3       94.01
   621     11         4        0.00
   621     12         1        0.00
   621     12         2        0.00
   621     12         3       82.47
   621     12         4        0.00
   630      1         1        0.00
   630      1         2        0.00
   630      1         3        0.00
   630      1         4        0.00
   630      2         1        0.00
   630      2         2        0.00
   630      2         3        0.00
   630      2         4        0.00
   630      3         1        0.00
   630      3         2        0.00
   630      3         3        0.00
   630      3         4        0.00
   630      4         1        0.00
   630      4         2        0.00
   630      4         3        0.00
   630      4         4        0.00
   630      5         1        0.00
   630      5         2        0.00
   630      5         3        0.00
   630      5         4        0.00
   630      6         1        0.00
   630      6         2        0.00
   630      6         3        0.00
   630      6         4        0.00
   630      7         1        0.00
   630      7         2        0.00
   630      7         3        0.00
   630      7         4        0.00
   630      8         1        0.00
   630      8         2        0.00
   630      8         3        0.00
   630      8         4        0.00
   630      9         1        0.00
   630      9         2        0.00
   630      9         3        0.00
   630      9         4       47.61
   630     10         1        0.00
   630     10         2        0.00
   630     10         3       46.15
   630     10         4       46.15
   630     11         1        0.00
   630     11         2        0.00
   630     11         3        0.00
   630     11         4        0.00
   630     12         1        0.00
   630     12         2        0.00
   630     12         3        0.00
   630     12         4        0.00
   639      1         1        0.00
   639      1         2        0.00
   639      1         3        0.00
   639      1         4        0.00
   639      2         1        0.00
   639      2         2        0.00
   639      2         3        0.00
   639      2         4        0.00
   639      3         1        0.00
   639      3         2        0.00
   639      3         3        0.00
   639      3         4        0.00
   639      4         1        0.00
   639      4         2        0.00
   639      4         3        0.00
   639      4         4        0.00
   639      5         1        0.00
   639      5         2        0.00
   639      5         3        0.00
   639      5         4        0.00
   639      6         1        0.00
   639      6         2        0.00
   639      6         3        0.00
   639      6         4        0.00
   639      7         1        0.00
   639      7         2        0.00
   639      7         3        0.00
   639      7         4        0.00
   639      8         1        0.00
   639      8         2        0.00
   639      8         3        0.00
   639      8         4        0.00
   639      9         1        0.00
   639      9         2        0.00
   639      9         3       29.89
   639      9         4       29.89
   639     10         1        0.00
   639     10         2       14.82
   639     10         3       29.12
   639     10         4       31.70
   639     11         1       18.76
   639     11         2       25.28
   639     11         3        0.00
   639     11         4       25.36
   639     12         1       12.70
   639     12         2       13.06
   639     12         3        0.00
   639     12         4       18.92
   649      1         1        0.00
   649      1         2        0.00
   649      1         3        0.00
   649      1         4        0.00
   649      2         1        0.00
   649      2         2        0.00
   649      2         3        0.00
   649      2         4        0.00
   649      3         1        0.00
   649      3         2        0.00
   649      3         3        0.00
   649      3         4        0.00
   649      4         1        0.00
   649      4         2        0.00
   649      4         3        0.00
   649      4         4        0.00
   649      5         1        0.00
   649      5         2        0.00
   649      5         3        0.00
   649      5         4        0.00
   649      6         1        0.00
   649      6         2        0.00
   649      6         3        0.00
   649      6         4        0.00
   649      7         1        0.00
   649      7         2        0.00
   649      7         3        0.00
   649      7         4        0.00
   649      8         1        0.00
   649      8         2        0.00
   649      8         3        0.00
   649      8         4        0.00
   649      9         1        0.00
   649      9         2        0.00
   649      9         3        0.00
   649      9         4        0.00
   649     10         1        0.00
   649     10         2        0.00
   649     10         3       27.39
   649     10         4       35.64
   649     11         1        0.00
   649     11         2        0.00
   649     11         3       34.74
   649     11         4        0.00
   649     12         1        0.00
   649     12         2        0.00
   649     12         3       22.28
   649     12         4       22.28
   649     13         1        0.00
   649     13         2        0.00
   649     13         3       20.01
   649     13         4        0.00
  1108      1         1        0.00
  1108      1         2        0.00
  1108      1         3        0.00
  1108      1         4        0.00
  1108      2         1        0.00
  1108      2         2        0.00
  1108      2         3        0.00
  1108      2         4        0.00
  1108      3         1        0.00
  1108      3         2        0.00
  1108      3         3        0.00
  1108      3         4        0.00
  1108      4         1        0.00
  1108      4         2        0.00
  1108      4         3        0.00
  1108      4         4        0.00
  1108      5         1        0.00
  1108      5         2        0.00
  1108      5         3        0.00
  1108      5         4        0.00
  1108      6         1        0.00
  1108      6         2        0.00
  1108      6         3        0.00
  1108      6         4        0.00
  1108      7         1        0.00
  1108      7         2        0.00
  1108      7         3        0.00
  1108      7         4        0.00
  1108      8         1        0.00
  1108      8         2        0.00
  1108      8         3        0.00
  1108      8         4        0.00
  1108      9         1        0.00
  1108      9         2        0.00
  1108      9         3       29.98
  1108      9         4       24.98
  1108     10         1        0.00
  1108     10         2        0.00
  1108     10         3       22.87
  1108     10         4       23.59
  1108     11         1        0.00
  1108     11         2        0.00
  1108     11         3       20.77
  1108     11         4       19.49
  1108     12         1        0.00
  1108     12         2        0.00
  1108     12         3        0.00
  1108     12         4        0.00
  1108     13         1        0.00
  1108     13         2        0.00
  1108     13         3       15.88
  1108     13         4        0.00
  1117      1         1        0.00
  1117      1         2        0.00
  1117      1         3        0.00
  1117      1         4        0.00
  1117      2         1        0.00
  1117      2         2        0.00
  1117      2         3        0.00
  1117      2         4        0.00
  1117      3         1        0.00
  1117      3         2        0.00
  1117      3         3        0.00
  1117      3         4        0.00
  1117      4         1        0.00
  1117      4         2        0.00
  1117      4         3        0.00
  1117      4         4        0.00
  1117      5         1        0.00
  1117      5         2        0.00
  1117      5         3        0.00
  1117      5         4        0.00
  1117      6         1        0.00
  1117      6         2        0.00
  1117      6         3        0.00
  1117      6         4        0.00
  1117      7         1        0.00
  1117      7         2        0.00
  1117      7         3        0.00
  1117      7         4        0.00
  1117      8         1        0.00
  1117      8         2        0.00
  1117      8         3        0.00
  1117      8         4        0.00
  1117      9         1        0.00
  1117      9         2        0.00
  1117      9         3        0.00
  1117      9         4       45.71
  1117     10         1       47.62
  1117     10         2        0.00
  1117     10         3        0.00
  1117     10         4       30.23
  1117     11         1       30.77
  1117     11         2       42.91
  1117     11         3       34.98
  1117     11         4       43.49
  1117     12         1       30.59
  1117     12         2       39.20
  1117     12         3       24.65
  1117     12         4       45.31
  1126      1         1        0.00
  1126      1         2        0.00
  1126      1         3        0.00
  1126      1         4        0.00
  1126      2         1        0.00
  1126      2         2        0.00
  1126      2         3        0.00
  1126      2         4        0.00
  1126      3         1        0.00
  1126      3         2        0.00
  1126      3         3        0.00
  1126      3         4        0.00
  1126      4         1        0.00
  1126      4         2        0.00
  1126      4         3        0.00
  1126      4         4        0.00
  1126      5         1        0.00
  1126      5         2        0.00
  1126      5         3        0.00
  1126      5         4        0.00
  1126      6         1        0.00
  1126      6         2        0.00
  1126      6         3        0.00
  1126      6         4        0.00
  1126      7         1        0.00
  1126      7         2        0.00
  1126      7         3        0.00
  1126      7         4        0.00
  1126      8         1       61.57
  1126      8         2        0.00
  1126      8         3        0.00
  1126      8         4       61.61
  1126      9         1        0.00
  1126      9         2        0.00
  1126      9         3        0.00
  1126      9         4       59.68
  1126     10         1        0.00
  1126     10         2        0.00
  1126     10         3        0.00
  1126     10         4       96.71
  1126     11         1        0.00
  1126     11         2        0.00
  1126     11         3        0.00
  1126     11         4       87.00
  1126     12         1       73.27
  1126     12         2        0.00
  1126     12         3        0.00
  1126     12         4       73.31
  1365      1         1        0.00
  1365      1         2        0.00
  1365      1         3        0.00
  1365      1         4        0.00
  1365      2         1        0.00
  1365      2         2        0.00
  1365      2         3        0.00
  1365      2         4        0.00
  1365      3         1        0.00
  1365      3         2        0.00
  1365      3         3        0.00
  1365      3         4        0.00
  1365      4         1        0.00
  1365      4         2        0.00
  1365      4         3        0.00
  1365      4         4        0.00
  1365      5         1        0.00
  1365      5         2        0.00
  1365      5         3        0.00
  1365      5         4        0.00
  1365      6         1        0.00
  1365      6         2        0.00
  1365      6         3        0.00
  1365      6         4        0.00
  1365      7         1        0.00
  1365      7         2        0.00
  1365      7         3        0.00
  1365      7         4        0.00
  1365      8         1       24.65
  1365      8         2       62.05
  1365      8         3       62.05
  1365      8         4       62.05
  1365      9         1        0.00
  1365      9         2       60.26
  1365      9         3       60.26
  1365      9         4       60.26
  1365     10         1       97.83
  1365     10         2       97.83
  1365     10         3       97.83
  1365     10         4       97.83
  1365     11         1       88.25
  1365     11         2       88.25
  1365     11         3       88.25
  1365     11         4       88.25
  1365     12         1        0.00
  1365     12         2       74.74
  1365     12         3       74.74
  1365     12         4       74.74
  1374      1         1        0.00
  1374      1         2        0.00
  1374      1         3        0.00
  1374      1         4        0.00
  1374      2         1        0.00
  1374      2         2        0.00
  1374      2         3        0.00
  1374      2         4        0.00
  1374      3         1        0.00
  1374      3         2        0.00
  1374      3         3        0.00
  1374      3         4        0.00
  1374      4         1        0.00
  1374      4         2        0.00
  1374      4         3        0.00
  1374      4         4        0.00
  1374      5         1        0.00
  1374      5         2        0.00
  1374      5         3        0.00
  1374      5         4        0.00
  1374      6         1        0.00
  1374      6         2        0.00
  1374      6         3        0.00
  1374      6         4        0.00
  1374      7         1        0.00
  1374      7         2        0.00
  1374      7         3        0.00
  1374      7         4        0.00
  1374      8         1        0.00
  1374      8         2        0.00
  1374      8         3        0.00
  1374      8         4        0.00
  1374      9         1       54.71
  1374      9         2       44.88
  1374      9         3       45.83
  1374      9         4        0.00
  1374     10         1        0.00
  1374     10         2       46.96
  1374     10         3        0.00
  1374     10         4       53.10
  1374     11         1        0.00
  1374     11         2       43.38
  1374     11         3        0.00
  1374     11         4       49.80
  1374     12         1        2.53
  1374     12         2       44.45
  1374     12         3       33.45
  1374     12         4       44.44
  1383      1         1        0.00
  1383      1         2        0.00
  1383      1         3        0.00
  1383      1         4        0.00
  1383      2         1        0.00
  1383      2         2        0.00
  1383      2         3        0.00
  1383      2         4        0.00
  1383      3         1        0.00
  1383      3         2        0.00
  1383      3         3        0.00
  1383      3         4        0.00
  1383      4         1        0.00
  1383      4         2        0.00
  1383      4         3        0.00
  1383      4         4        0.00
  1383      5         1        0.00
  1383      5         2        0.00
  1383      5         3        0.00
  1383      5         4        0.00
  1383      6         1        0.00
  1383      6         2        0.00
  1383      6         3        0.00
  1383      6         4        0.00
  1383      7         1        0.00
  1383      7         2        0.00
  1383      7         3        0.00
  1383      7         4        0.00
  1383      8         1        0.00
  1383      8         2        0.00
  1383      8         3        0.00
  1383      8         4        0.00
  1383      9         1        0.00
  1383      9         2        0.00
  1383      9         3        0.00
  1383      9         4       20.11
  1383     10         1        0.00
  1383     10         2        0.00
  1383     10         3        0.00
  1383     10         4       31.75
  1383     11         1        0.00
  1383     11         2        0.00
  1383     11         3       22.10
  1383     11         4       22.10
  1383     12         1        0.00
  1383     12         2        0.00
  1383     12         3       16.27
  1383     12         4       16.27
  1383     13         1        0.00
  1383     13         2        0.00
  1383     13         3        0.00
  1383     13         4        0.00
  1389      1         1        0.00
  1389      1         2        0.00
  1389      1         3        0.00
  1389      1         4        0.00
  1389      2         1        0.00
  1389      2         2        0.00
  1389      2         3        0.00
  1389      2         4        0.00
  1389      3         1        0.00
  1389      3         2        0.00
  1389      3         3        0.00
  1389      3         4        0.00
  1389      4         1        0.00
  1389      4         2        0.00
  1389      4         3        0.00
  1389      4         4        0.00
  1389      5         1        0.00
  1389      5         2        0.00
  1389      5         3        0.00
  1389      5         4        0.00
  1389      6         1        0.00
  1389      6         2        0.00
  1389      6         3        0.00
  1389      6         4        0.00
  1389      7         1        0.00
  1389      7         2        0.00
  1389      7         3        0.00
  1389      7         4        0.00
  1389      8         1        0.00
  1389      8         2        0.00
  1389      8         3        0.00
  1389      8         4        0.00
  1389      9         1        0.00
  1389      9         2        0.00
  1389      9         3        0.00
  1389      9         4        0.00
  1389     10         1        0.00
  1389     10         2        0.00
  1389     10         3       22.12
  1389     10         4        0.00
  1389     11         1        0.00
  1389     11         2        0.00
  1389     11         3       26.83
  1389     11         4        0.00
  1389     12         1       19.27
  1389     12         2       19.27
  1389     12         3       19.27
  1389     12         4        0.00
  1389     13         1        8.74
  1389     13         2       14.84
  1389     13         3        0.00
  1389     13         4       12.57
   197      1         1        0.00
   197      1         2        0.00
   197      1         3        0.00
   197      1         4        0.00
   197      2         1        0.00
   197      2         2        0.00
   197      2         3        0.00
   197      2         4        0.00
   197      3         1        0.00
   197      3         2        0.00
   197      3         3        0.00
   197      3         4        0.00
   197      4         1        0.00
   197      4         2        0.00
   197      4         3        0.00
   197      4         4        0.00
   197      5         1        0.00
   197      5         2        0.00
   197      5         3        0.00
   197      5         4        0.00
   197      6         1        0.00
   197      6         2        0.00
   197      6         3        0.00
   197      6         4        0.00
   197      7         1        0.00
   197      7         2        0.00
   197      7         3        0.00
   197      7         4        0.00
   197      8         1        0.00
   197      8         2        0.00
   197      8         3        0.00
   197      8         4        0.00
   197      9         1       28.24
   197      9         2        0.00
   197      9         3        0.00
   197      9         4        0.00
   197     10         1        0.00
   197     10         2       24.24
   197     10         3        0.00
   197     10         4        0.00
   197     11         1       30.08
   197     11         2       39.27
   197     11         3       18.31
   197     11         4        0.00
   197     12         1        0.00
   197     12         2        0.00
   197     12         3       29.26
   197     12         4        0.00
   197     13         1        0.00
   197     13         2        0.00
   197     13         3       14.41
   197     13         4        0.00
   206      1         1        0.00
   206      1         2        0.00
   206      1         3        0.00
   206      1         4        0.00
   206      2         1        0.00
   206      2         2        0.00
   206      2         3        0.00
   206      2         4        0.00
   206      3         1        0.00
   206      3         2        0.00
   206      3         3        0.00
   206      3         4        0.00
   206      4         1        0.00
   206      4         2        0.00
   206      4         3        0.00
   206      4         4        0.00
   206      5         1        0.00
   206      5         2        0.00
   206      5         3        0.00
   206      5         4        0.00
   206      6         1        0.00
   206      6         2        0.00
   206      6         3        0.00
   206      6         4        0.00
   206      7         1        0.00
   206      7         2        0.00
   206      7         3        0.00
   206      7         4        0.00
   206      8         1        0.00
   206      8         2        0.00
   206      8         3        0.00
   206      8         4        0.00
   206      9         1        0.00
   206      9         2        0.00
   206      9         3        0.00
   206      9         4        0.00
   206     10         1        0.00
   206     10         2        0.00
   206     10         3        0.00
   206     10         4       63.82
   206     11         1        0.00
   206     11         2        0.00
   206     11         3        0.00
   206     11         4       87.61
   206     12         1        0.00
   206     12         2        0.00
   206     12         3        0.00
   206     12         4        0.00
   215      1         1        0.00
   215      1         2        0.00
   215      1         3        0.00
   215      1         4        0.00
   215      2         1        0.00
   215      2         2        0.00
   215      2         3        0.00
   215      2         4        0.00
   215      3         1        0.00
   215      3         2        0.00
   215      3         3        0.00
   215      3         4        0.00
   215      4         1        0.00
   215      4         2        0.00
   215      4         3        0.00
   215      4         4        0.00
   215      5         1        0.00
   215      5         2        0.00
   215      5         3        0.00
   215      5         4        0.00
   215      6         1        0.00
   215      6         2        0.00
   215      6         3        0.00
   215      6         4        0.00
   215      7         1        0.00
   215      7         2        0.00
   215      7         3        0.00
   215      7         4        0.00
   215      8         1        0.00
   215      8         2       63.85
   215      8         3       63.85
   215      8         4       63.85
   215      9         1        0.00
   215      9         2        0.00
   215      9         3        0.00
   215      9         4        0.00
   215     10         1        0.00
   215     10         2        0.00
   215     10         3        0.00
   215     10         4      102.37
   215     11         1       87.72
   215     11         2       96.81
   215     11         3        0.00
   215     11         4       92.62
   215     12         1        0.00
   215     12         2        0.00
   215     12         3        0.00
   215     12         4       78.69
   624      1         1        0.00
   624      1         2        0.00
   624      1         3        0.00
   624      1         4        0.00
   624      2         1        0.00
   624      2         2        0.00
   624      2         3        0.00
   624      2         4        0.00
   624      3         1        0.00
   624      3         2        0.00
   624      3         3        0.00
   624      3         4        0.00
   624      4         1        0.00
   624      4         2        0.00
   624      4         3        0.00
   624      4         4        0.00
   624      5         1        0.00
   624      5         2        0.00
   624      5         3        0.00
   624      5         4        0.00
   624      6         1        0.00
   624      6         2        0.00
   624      6         3        0.00
   624      6         4        0.00
   624      7         1        0.00
   624      7         2        0.00
   624      7         3        0.00
   624      7         4        0.00
   624      8         1       59.06
   624      8         2        0.00
   624      8         3       59.06
   624      8         4       59.06
   624      9         1        0.00
   624      9         2        0.00
   624      9         3        0.00
   624      9         4        0.00
   624     10         1        0.00
   624     10         2       87.49
   624     10         3       90.22
   624     10         4       90.22
   624     11         1        0.00
   624     11         2        0.00
   624     11         3        0.00
   624     11         4       80.80
   624     12         1        0.00
   624     12         2       75.35
   624     12         3        0.00
   624     12         4       67.49
   633      1         1        0.00
   633      1         2        0.00
   633      1         3        0.00
   633      1         4        0.00
   633      2         1        0.00
   633      2         2        0.00
   633      2         3        0.00
   633      2         4        0.00
   633      3         1        0.00
   633      3         2        0.00
   633      3         3        0.00
   633      3         4        0.00
   633      4         1        0.00
   633      4         2        0.00
   633      4         3        0.00
   633      4         4        0.00
   633      5         1        0.00
   633      5         2        0.00
   633      5         3        0.00
   633      5         4        0.00
   633      6         1        0.00
   633      6         2        0.00
   633      6         3        0.00
   633      6         4        0.00
   633      7         1        0.00
   633      7         2        0.00
   633      7         3        0.00
   633      7         4        0.00
   633      8         1        0.00
   633      8         2        0.00
   633      8         3        0.00
   633      8         4        0.00
   633      9         1       23.22
   633      9         2       52.04
   633      9         3        0.00
   633      9         4       50.07
   633     10         1        8.89
   633     10         2       43.35
   633     10         3       34.87
   633     10         4       47.70
   633     11         1        0.00
   633     11         2       40.00
   633     11         3       11.90
   633     11         4       43.98
   633     12         1        0.00
   633     12         2        0.00
   633     12         3        0.00
   633     12         4       38.47
   642      1         1        0.00
   642      1         2        0.00
   642      1         3        0.00
   642      1         4        0.00
   642      2         1        0.00
   642      2         2        0.00
   642      2         3        0.00
   642      2         4        0.00
   642      3         1        0.00
   642      3         2        0.00
   642      3         3        0.00
   642      3         4        0.00
   642      4         1        0.00
   642      4         2        0.00
   642      4         3        0.00
   642      4         4        0.00
   642      5         1        0.00
   642      5         2        0.00
   642      5         3        0.00
   642      5         4        0.00
   642      6         1        0.00
   642      6         2        0.00
   642      6         3        0.00
   642      6         4        0.00
   642      7         1        0.00
   642      7         2        0.00
   642      7         3        0.00
   642      7         4        0.00
   642      8         1        0.00
   642      8         2        0.00
   642      8         3        0.00
   642      8         4        0.00
   642      9         1        0.00
   642      9         2        0.00
   642      9         3        0.00
   642      9         4        0.00
   642     10         1        0.00
   642     10         2        0.00
   642     10         3        0.00
   642     10         4        0.00
   642     11         1       27.00
   642     11         2       29.38
   642     11         3       28.37
   642     11         4       39.34
   642     12         1        0.00
   642     12         2       21.98
   642     12         3        0.00
   642     12         4       32.49
   642     13         1        0.00
   642     13         2        0.00
   642     13         3        0.00
   642     13         4       23.33
  1102      1         1        0.00
  1102      1         2        0.00
  1102      1         3        0.00
  1102      1         4        0.00
  1102      2         1        0.00
  1102      2         2        0.00
  1102      2         3        0.00
  1102      2         4        0.00
  1102      3         1        0.00
  1102      3         2        0.00
  1102      3         3        0.00
  1102      3         4        0.00
  1102      4         1        0.00
  1102      4         2        0.00
  1102      4         3        0.00
  1102      4         4        0.00
  1102      5         1        0.00
  1102      5         2        0.00
  1102      5         3        0.00
  1102      5         4        0.00
  1102      6         1        0.00
  1102      6         2        0.00
  1102      6         3        0.00
  1102      6         4        0.00
  1102      7         1        0.00
  1102      7         2        0.00
  1102      7         3        0.00
  1102      7         4        0.00
  1102      8         1        0.00
  1102      8         2        0.00
  1102      8         3        0.00
  1102      8         4        0.00
  1102      9         1        0.00
  1102      9         2        0.00
  1102      9         3        0.00
  1102      9         4        0.00
  1102     10         1       15.50
  1102     10         2       15.50
  1102     10         3       15.50
  1102     10         4       15.50
  1102     11         1       31.70
  1102     11         2       27.70
  1102     11         3       25.32
  1102     11         4       31.70
  1102     12         1       23.65
  1102     12         2       22.87
  1102     12         3        8.92
  1102     12         4       23.72
  1102     13         1       16.00
  1102     13         2       16.00
  1102     13         3        2.33
  1102     13         4       16.06
  1111      1         1        0.00
  1111      1         2        0.00
  1111      1         3        0.00
  1111      1         4        0.00
  1111      2         1        0.00
  1111      2         2        0.00
  1111      2         3        0.00
  1111      2         4        0.00
  1111      3         1        0.00
  1111      3         2        0.00
  1111      3         3        0.00
  1111      3         4        0.00
  1111      4         1        0.00
  1111      4         2        0.00
  1111      4         3        0.00
  1111      4         4        0.00
  1111      5         1        0.00
  1111      5         2        0.00
  1111      5         3        0.00
  1111      5         4        0.00
  1111      6         1        0.00
  1111      6         2        0.00
  1111      6         3        0.00
  1111      6         4        0.00
  1111      7         1        0.00
  1111      7         2        0.00
  1111      7         3        0.00
  1111      7         4        0.00
  1111      8         1        0.00
  1111      8         2        0.00
  1111      8         3        0.00
  1111      8         4        0.00
  1111      9         1        0.00
  1111      9         2        0.00
  1111      9         3        0.00
  1111      9         4        0.00
  1111     10         1       29.71
  1111     10         2       36.30
  1111     10         3       36.30
  1111     10         4       31.30
  1111     11         1       24.11
  1111     11         2       31.77
  1111     11         3       24.83
  1111     11         4        0.00
  1111     12         1        0.00
  1111     12         2       20.50
  1111     12         3       24.85
  1111     12         4       24.75
  1111     13         1        0.00
  1111     13         2        0.00
  1111     13         3        0.00
  1111     13         4        0.00
  1120      1         1        0.00
  1120      1         2        0.00
  1120      1         3        0.00
  1120      1         4        0.00
  1120      2         1        0.00
  1120      2         2        0.00
  1120      2         3        0.00
  1120      2         4        0.00
  1120      3         1        0.00
  1120      3         2        0.00
  1120      3         3        0.00
  1120      3         4        0.00
  1120      4         1        0.00
  1120      4         2        0.00
  1120      4         3        0.00
  1120      4         4        0.00
  1120      5         1        0.00
  1120      5         2        0.00
  1120      5         3        0.00
  1120      5         4        0.00
  1120      6         1        0.00
  1120      6         2        0.00
  1120      6         3        0.00
  1120      6         4        0.00
  1120      7         1        0.00
  1120      7         2        0.00
  1120      7         3        0.00
  1120      7         4        0.00
  1120      8         1       52.72
  1120      8         2       52.72
  1120      8         3       52.72
  1120      8         4       52.72
  1120      9         1        0.00
  1120      9         2        0.00
  1120      9         3        0.00
  1120      9         4        0.00
  1120     10         1       52.41
  1120     10         2       54.53
  1120     10         3       43.50
  1120     10         4       53.54
  1120     11         1        0.00
  1120     11         2        0.00
  1120     11         3       70.69
  1120     11         4       75.93
  1120     12         1        0.00
  1120     12         2       58.75
  1120     12         3       57.92
  1120     12         4       62.55
  1129      1         1        0.00
  1129      1         2        0.00
  1129      1         3        0.00
  1129      1         4        0.00
  1129      2         1        0.00
  1129      2         2        0.00
  1129      2         3        0.00
  1129      2         4        0.00
  1129      3         1        0.00
  1129      3         2        0.00
  1129      3         3        0.00
  1129      3         4        0.00
  1129      4         1        0.00
  1129      4         2        0.00
  1129      4         3        0.00
  1129      4         4        0.00
  1129      5         1        0.00
  1129      5         2        0.00
  1129      5         3        0.00
  1129      5         4        0.00
  1129      6         1        0.00
  1129      6         2        0.00
  1129      6         3        0.00
  1129      6         4        0.00
  1129      7         1        0.00
  1129      7         2        0.00
  1129      7         3        0.00
  1129      7         4        0.00
  1129      8         1       64.16
  1129      8         2        0.00
  1129      8         3        0.00
  1129      8         4        0.00
  1129      9         1       63.14
  1129      9         2        0.00
  1129      9         3       77.02
  1129      9         4       77.02
  1129     10         1      106.01
  1129     10         2       96.00
  1129     10         3      114.87
  1129     10         4      119.15
  1129     11         1        0.00
  1129     11         2        0.00
  1129     11         3      112.58
  1129     11         4        0.00
  1129     12         1       86.21
  1129     12         2        0.00
  1129     12         3       89.51
  1129     12         4       92.41
  1368      1         1        0.00
  1368      1         2        0.00
  1368      1         3        0.00
  1368      1         4        0.00
  1368      2         1        0.00
  1368      2         2        0.00
  1368      2         3        0.00
  1368      2         4        0.00
  1368      3         1        0.00
  1368      3         2        0.00
  1368      3         3        0.00
  1368      3         4        0.00
  1368      4         1        0.00
  1368      4         2        0.00
  1368      4         3        0.00
  1368      4         4        0.00
  1368      5         1        0.00
  1368      5         2        0.00
  1368      5         3        0.00
  1368      5         4        0.00
  1368      6         1        0.00
  1368      6         2        0.00
  1368      6         3        0.00
  1368      6         4        0.00
  1368      7         1        0.00
  1368      7         2        0.00
  1368      7         3        0.00
  1368      7         4        0.00
  1368      8         1        0.00
  1368      8         2        0.00
  1368      8         3       57.22
  1368      8         4       57.22
  1368      9         1        0.00
  1368      9         2        0.00
  1368      9         3        0.00
  1368      9         4       53.77
  1368     10         1        0.00
  1368     10         2       85.59
  1368     10         3       85.59
  1368     10         4       85.59
  1368     11         1        0.00
  1368     11         2        0.00
  1368     11         3       89.53
  1368     11         4       48.78
  1368     12         1        0.00
  1368     12         2        0.00
  1368     12         3       74.07
  1368     12         4       40.35
  1377      1         1        0.00
  1377      1         2        0.00
  1377      1         3        0.00
  1377      1         4        0.00
  1377      2         1        0.00
  1377      2         2        0.00
  1377      2         3        0.00
  1377      2         4        0.00
  1377      3         1        0.00
  1377      3         2        0.00
  1377      3         3        0.00
  1377      3         4        0.00
  1377      4         1        0.00
  1377      4         2        0.00
  1377      4         3        0.00
  1377      4         4        0.00
  1377      5         1        0.00
  1377      5         2        0.00
  1377      5         3        0.00
  1377      5         4        0.00
  1377      6         1        0.00
  1377      6         2        0.00
  1377      6         3        0.00
  1377      6         4        0.00
  1377      7         1        0.00
  1377      7         2        0.00
  1377      7         3        0.00
  1377      7         4        0.00
  1377      8         1        0.00
  1377      8         2        0.00
  1377      8         3        0.00
  1377      8         4       26.76
  1377      9         1        0.00
  1377      9         2        0.00
  1377      9         3       37.12
  1377      9         4       38.47
  1377     10         1       54.04
  1377     10         2        0.00
  1377     10         3       34.40
  1377     10         4       35.75
  1377     11         1       44.24
  1377     11         2        0.00
  1377     11         3        0.00
  1377     11         4       35.30
  1377     12         1       35.06
  1377     12         2        0.00
  1377     12         3        0.00
  1377     12         4       27.98
