 Cycle Period     Power
     1      8    28.81987
     1      9    24.68998
     1     10    29.35985
     1     11    27.72651
     1     12    30.20543
 Cycle Period     Power
     2      8    27.32555
     2      9    27.04916
     2     10    26.11850
     2     11    24.23613
     2     12    21.16822
 Cycle Period     Power
     3      8    25.78977
     3      9    24.83100
     3     10    24.05327
     3     11    21.91244
     3     12    18.64107
 Cycle Period     Power
     4      8    18.42913
     4      9    24.34543
     4     10    24.14903
     4     11    21.93019
     4     12    18.64107
 Cycle Period     Power
     5      7     0.00000
     5      8    10.95091
     5      9    25.70946
     5     10    24.22457
     5     11    21.93707
     5     12    18.64107
 Cycle Period     Power
     6      9    26.70217
     6     10    24.94310
     6     11    22.42298
     6     12    18.95076
 Cycle Period     Power
     7      9    24.87857
     7     10    22.82950
     7     11    20.06043
     7     12    16.05782
 Cycle Period     Power
     8      9    23.74072
     8     10    21.53201
     8     11    18.64463
     8     12    14.35153
 Cycle Period     Power
     9      9     3.39998
     9     10    24.64873
     9     11    22.36885
     9     12    18.64107
     9     13    13.31335
 Cycle Period     Power
    10     10    24.56206
    10     11    21.47604
    10     12    17.49676
    10     13    12.35958
 Cycle Period     Power
    11      9    19.92911
    11     10    16.96647
    11     11    13.52098
    11     12     9.99468
 Cycle Period     Power
    12     10    20.52632
    12     11    18.64107
    12     12    13.99661
    12     13     9.45843
 Cycle Period     Power
    13     10    21.21996
    13     11    17.73223
    13     12    13.32865
    13     13     9.02005
 Cycle Period     Power
    14      7     0.00000
    14      9     0.00000
    14     10    14.12761
    14     11    18.64107
    14     12    13.99910
    14     13     9.53869
 Cycle Period     Power
    15     10    19.45380
    15     11    15.47017
    15     12    11.36476
    15     13     7.35197
 Cycle Period     Power
    16     10    19.07357
    16     11    14.98232
    16     12    10.93754
    16     13     6.97987
 Cycle Period     Power
    17     10    19.38015
    17     11    15.44159
    17     12    11.41176
    17     13     7.46484
 Cycle Period     Power
    18     10    19.69357
    18     11    15.87762
    18     12    11.82720
    18     13     7.85642
 Cycle Period     Power
    19     10    19.81189
    19     11    15.96945
    19     12    11.83275
    19     13     7.33719
 Cycle Period     Power
    20     10    20.21865
    20     11    16.46625
    20     12    12.22423
    20     13     8.04567
 Cycle Period     Power
    21      9     0.00000
    21     10    19.29787
    21     11    18.69465
    21     12    14.14273
    21     13     9.65427
 Cycle Period     Power
    22      9     3.13876
    22     10    21.78195
    22     11    18.64107
    22     12    14.23973
    22     13     9.83999
 Cycle Period     Power
    23     10    23.81168
    23     11    20.73769
    23     12    16.67436
    23     13    11.73027
 Cycle Period     Power
    24      9    21.63755
    24     10    19.22420
    24     11    15.83271
    24     12    12.04228
 Cycle Period     Power
    25      9    20.52650
    25     10    21.46334
    25     11    18.64107
    25     12    14.43419
 Cycle Period     Power
    26      9    24.70205
    26     10    22.82939
    26     11    20.27287
    26     12    16.55935
    26     13    11.85281
 Cycle Period     Power
    27      9    26.17432
    27     10    24.46301
    27     11    22.01312
    27     12    18.60978
 Cycle Period     Power
    28      8     4.55349
    28      9    26.23887
    28     10    24.64627
    28     11    22.25953
    28     12    18.85954
 Cycle Period     Power
    29      8    21.69935
    29      9    18.15084
    29     10    24.09777
    29     11    21.90657
    29     12    18.64107
 Cycle Period     Power
    30      8    25.54252
    30      9    25.10849
    30     10    24.10298
    30     11    22.22253
    30     12    19.21717
 Cycle Period     Power
    31      8    26.91012
    31      9    26.71711
    31     10    25.91238
    31     11    24.17972
    31     12    21.26051
 Cycle Period     Power
    32      8    27.87792
    32      9    27.84091
    32     10    27.14989
    32     11    25.47718
    32     12    22.55646
 Cycle Period     Power
    33      8    29.16872
    33      9    25.32840
    33     10    29.98442
    33     11    28.46541
    33     12    31.67268
 Cycle Period     Power
    34      8    30.63627
    34      9    27.54090
    34     10    32.01171
    34     11    41.26169
    34     12    33.76875
 Cycle Period     Power
    35      8    31.85318
    35      9    29.26555
    35     10    33.60208
    35     11    44.53486
    35     12    36.87203
 Cycle Period     Power
    36      8    32.59578
    36      9    30.25726
    36     10    34.48709
    36     11    46.23031
    36     12    38.31869
 Cycle Period     Power
    37      8    33.50205
    37      9    31.49899
    37     10    50.36322
    37     11    44.88648
    37     12    37.24796
 Cycle Period     Power
    38      8    34.89975
    38      9    33.39069
    38     10    53.83446
    38     11    48.35433
    38     12    40.63063
 Cycle Period     Power
    39      8    35.83611
    39      9    34.65133
    39     10    56.19398
    39     11    50.70800
    39     12    42.91766
 Cycle Period     Power
    40      8    36.32231
    40      9    35.21207
    40     10    57.07592
    40     11    51.38184
    40     12    43.33789
 Cycle Period     Power
    41      8    36.56810
    41      9    35.58003
    41     10    57.82655
    41     11    52.16393
    41     12    44.10652
 Cycle Period     Power
    42      8    37.39511
    42      9    36.70463
    42     10    60.03797
    42     11    54.45199
    42     12    46.42644
 Cycle Period     Power
    43      8    38.05515
    43      9    37.54080
    43     10    61.59646
    43     11    55.96778
    43     12    47.87518
 Cycle Period     Power
    44      8    37.84893
    44      9    37.25001
    44     10    60.97883
    44     11    55.27122
    44     12    47.09713
 Cycle Period     Power
    45      8    37.77852
    45      9    37.11370
    45     10    60.63010
    45     11    54.82258
    45     12    46.54484
 Cycle Period     Power
    46      8    38.11375
    46      9    37.56910
    46     10    61.55284
    46     11    55.81079
    46     12    47.59500
 Cycle Period     Power
    47      8    38.09756
    47      9    37.58542
    47     10    61.66246
    47     11    56.01736
    47     12    47.91682
 Cycle Period     Power
    48      8    37.63639
    48      9    36.88606
    48     10    60.14425
    48     11    54.31903
    48     12    46.07701
 Cycle Period     Power
    49      8    36.68412
    49      9    35.68189
    49     10    57.92700
    49     11    52.17710
    49     12    44.05163
 Cycle Period     Power
    50      8    36.46067
    50      9    35.40421
    50     10    57.45648
    50     11    51.79032
    50     12    43.78565
 Cycle Period     Power
    51      8    35.99860
    51      9    34.83152
    51     10    56.46776
    51     11    50.92567
    51     12    43.10060
 Cycle Period     Power
    52      8    35.03929
    52      9    33.48176
    52     10    53.82802
    52     11    48.17814
    52     12    40.32084
 Cycle Period     Power
    53      8    33.99564
    53      9    31.99738
    53     10    50.97284
    53     11    45.20812
    53     12    37.31141
 Cycle Period     Power
    54      8    33.24128
    54      9    31.00480
    54     10    35.08084
    54     11    47.24775
    54     12    39.11860
 Cycle Period     Power
    55      8    32.38748
    55      9    29.88620
    55     10    34.07780
    55     11    45.32944
    55     12    37.48062
 Cycle Period     Power
    56      8    31.23579
    56      9    28.17617
    56     10    32.39959
    56     11    41.71320
    56     12    33.88805
 Cycle Period     Power
    57      7     0.00000
    57      8    29.69846
    57      9    25.93792
    57     10    30.36684
    57     11    28.74750
    57     12    32.01014
 Cycle Period     Power
    58      8    28.51614
    58      9    28.51178
    58     10    27.82426
    58     11    26.13700
    58     12    23.19952
 Cycle Period     Power
    59      8    27.57890
    59      9    27.41822
    59     10    26.61332
    59     11    24.85970
    59     12    21.91573
 Cycle Period     Power
    60      8    26.32320
    60      9    25.85539
    60     10    24.76220
    60     11    22.75774
    60     12    19.61697
 Cycle Period     Power
    61      8    17.35714
    61      9    25.63600
    61     10    24.29056
    61     11    22.00686
    61     12    18.64107
 Cycle Period     Power
    62      8     9.39008
    62      9    25.87404
    62     10    24.31276
    62     11    21.93613
    62     12    18.52449
 Cycle Period     Power
    63      9    13.20237
    63     10    25.62889
    63     11    26.52778
    63     12    23.13159
    63     13    18.64107
 Cycle Period     Power
    64      9    25.63455
    64     10    23.70786
    64     11    21.05495
    64     12    17.32300
 Cycle Period     Power
    65      9    23.83495
    65     10    21.62140
    65     11    18.72183
    65     12    14.41954
 Cycle Period     Power
    66      9    15.97334
    66     10    21.66125
    66     11    18.64107
    66     12    14.24671
 Cycle Period     Power
    67      9     0.00000
    67     10    24.82116
    67     11    21.76951
    67     12    17.86335
    67     13    12.66418
 Cycle Period     Power
    68      9     0.76512
    68     10    23.31555
    68     11    20.13863
    68     12    15.89723
    68     13    11.08103
 Cycle Period     Power
    69     10    21.77968
    69     11    18.64107
    69     12    13.99334
    69     13     9.44887
 Cycle Period     Power
    70     10    20.87525
    70     11    17.21370
    70     12    12.78808
    70     13     8.45786
 Cycle Period     Power
    71     10    20.45046
    71     11    16.75149
    71     12    12.48377
    71     13     8.30999
 Cycle Period     Power
    72      7     0.00000
    72      9     0.00000
    72     10    20.01987
    72     11    16.23848
    72     12    12.08655
    72     13     8.03082
 Cycle Period     Power
    73     10    19.29707
    73     11    15.29159
    73     12    11.23638
    73     13     7.27316
 Cycle Period     Power
    74     10    18.95684
    74     11    14.84143
    74     12    10.82261
    74     13     6.88756
 Cycle Period     Power
    75      5     0.00000
    75      7     0.00000
    75     10    19.39669
    75     11    15.45343
    75     12    11.40644
    75     13     7.43701
 Cycle Period     Power
    76     13    20.91577
