   197      1         1        0.00
   197      1         2        0.00
   197      1         3        0.00
   197      1         4        0.00
   197      2         1        0.00
   197      2         2        0.00
   197      2         3        0.00
   197      2         4        0.00
   197      3         1        0.00
   197      3         2        0.00
   197      3         3        0.00
   197      3         4        0.00
   197      4         1        0.00
   197      4         2        0.00
   197      4         3        0.00
   197      4         4        0.00
   197      5         1        0.00
   197      5         2        0.00
   197      5         3        0.00
   197      5         4        0.00
   197      6         1        0.00
   197      6         2        0.00
   197      6         3        0.00
   197      6         4        0.00
   197      7         1        4.99
   197      7         2        4.99
   197      7         3        4.99
   197      7         4        4.99
   197      8         1       14.25
   197      8         2       15.09
   197      8         3       16.03
   197      8         4       13.22
   197      9         1        8.41
   197      9         2       17.48
   197      9         3        6.60
   197      9         4        6.40
   197     10         1        7.18
   197     10         2       19.39
   197     10         3       17.56
   197     10         4       19.34
   197     11         1       15.70
   197     11         2       18.45
   197     11         3       17.79
   197     11         4       19.74
   197     12         1       17.68
   197     12         2       18.42
   197     12         3       17.30
   197     12         4       17.76
