   197      1         1        0.00           0
   197      1         2        0.00           0
   197      1         3        0.00           0
   197      1         4        0.00           0
   197      1         5        0.00           0
   197      1         6        0.00           0
   197      1         7        0.00           0
   197      1         8        0.00           0
   197      1         9        0.00           0
   197      1        10        0.00           0
   197      1        11        0.00           0
   197      1        12        0.00           0
   197      1        13        0.00           0
   197      1        14        0.00           0
   197      1        15        0.00           0
   197      2         1        0.00           0
   197      2         2        0.00           0
   197      2         3        0.00           0
   197      2         4        0.00           0
   197      2         5        0.00           0
   197      2         6        0.00           0
   197      2         7        0.00           0
   197      2         8        0.00           0
   197      2         9        0.00           0
   197      2        10        0.00           0
   197      2        11        0.00           0
   197      2        12        0.00           0
   197      2        13        0.00           0
   197      2        14        0.00           0
   197      2        15        0.00           0
   197      3         1        0.00           0
   197      3         2        0.00           0
   197      3         3        0.00           0
   197      3         4        0.00           0
   197      3         5        0.00           0
   197      3         6        0.00           0
   197      3         7        0.00           0
   197      3         8        0.00           0
   197      3         9        0.00           0
   197      3        10        0.00           0
   197      3        11        0.00           0
   197      3        12        0.00           0
   197      3        13        0.00           0
   197      3        14        0.00           0
   197      3        15        0.00           0
   197      4         1        0.00           0
   197      4         2        0.00           0
   197      4         3        0.00           0
   197      4         4        0.00           0
   197      4         5        0.00           0
   197      4         6        0.00           0
   197      4         7        0.00           0
   197      4         8        0.00           0
   197      4         9        0.00           0
   197      4        10        0.00           0
   197      4        11        0.00           0
   197      4        12        0.00           0
   197      4        13        0.00           0
   197      4        14        0.00           0
   197      4        15        0.00           0
   197      5         1        0.00           0
   197      5         2        0.00           0
   197      5         3        0.00           0
   197      5         4        0.00           0
   197      5         5        0.00           0
   197      5         6        0.00           0
   197      5         7        0.00           0
   197      5         8        0.00           0
   197      5         9        0.00           0
   197      5        10        0.00           0
   197      5        11        0.00           0
   197      5        12        0.00           0
   197      5        13        0.00           0
   197      5        14        0.00           0
   197      5        15        0.00           0
   197      6         1        0.00           0
   197      6         2        0.00           0
   197      6         3        0.00           0
   197      6         4        0.00           0
   197      6         5        0.00           0
   197      6         6        0.00           0
   197      6         7        0.00           0
   197      6         8        0.00           0
   197      6         9        0.00           0
   197      6        10        0.00           0
   197      6        11        0.00           0
   197      6        12        0.00           0
   197      6        13        0.00           0
   197      6        14        0.00           0
   197      6        15        0.00           0
   197      7         1        9.99           1
   197      7         2        9.99           1
   197      7         3        9.99           1
   197      7         4        9.99           1
   197      7         5        9.99           1
   197      7         6        9.99           1
   197      7         7        9.99           1
   197      7         8        9.99           1
   197      7         9        9.99           1
   197      7        10        9.99           1
   197      7        11        9.99           1
   197      7        12        9.99           1
   197      7        13        9.99           1
   197      7        14        9.99           1
   197      7        15        9.99           1
   197      8         1       26.45           1
   197      8         2       28.50           1
   197      8         3       29.09           1
   197      8         4       31.06           1
   197      8         5       31.34           1
   197      8         6       31.29           1
   197      8         7       29.86           1
   197      8         8       29.66           1
   197      8         9       30.49           1
   197      8        10       31.98           1
   197      8        11       30.00           1
   197      8        12       31.03           1
   197      8        13       29.72           1
   197      8        14       31.83           1
   197      8        15       31.95           1
   197      9         1       13.04           1
   197      9         2       34.66           1
   197      9         3       29.30           1
   197      9         4       33.90           1
   197      9         5       16.55           1
   197      9         6       14.80           1
   197      9         7       12.89           1
   197      9         8       13.15           1
   197      9         9       34.39           1
   197      9        10       34.19           1
   197      9        11       13.19           1
   197      9        12       12.80           1
   197      9        13       16.81           1
   197      9        14       22.94           1
   197      9        15       27.79           1
   197     10         1       32.98           1
   197     10         2       35.71           1
   197     10         3       36.78           1
   197     10         4       35.29           1
   197     10         5       35.35           1
   197     10         6       38.12           1
   197     10         7       35.24           1
   197     10         8       38.67           1
   197     10         9       21.93           1
   197     10        10       17.74           1
   197     10        11       23.97           1
   197     10        12       14.37           1
   197     10        13       38.27           1
   197     10        14       35.77           1
   197     10        15       36.54           1
   197     11         1       35.31           1
   197     11         2       35.84           1
   197     11         3       37.13           1
   197     11         4       36.27           1
   197     11         5       35.72           1
   197     11         6       31.40           1
   197     11         7       39.48           1
   197     11         8       37.91           1
   197     11         9       35.83           1
   197     11        10       34.00           1
   197     11        11       31.92           1
   197     11        12       33.79           1
   197     11        13       35.96           1
   197     11        14       37.16           1
   197     11        15       36.12           1
   197     12         1       35.24           1
   197     12         2       35.52           1
   197     12         3       35.06           1
   197     12         4       34.71           1
   197     12         5       36.58           1
   197     12         6       35.36           1
   197     12         7       34.86           1
   197     12         8       36.75           1
   197     12         9       36.23           1
   197     12        10       36.49           1
   197     12        11       35.85           1
   197     12        12       34.74           1
   197     12        13       36.41           1
   197     12        14       36.73           1
   197     12        15       35.87           1
