   197      1         1        0.00
   197      1         2        0.00
   197      1         3        0.00
   197      1         4        0.00
   197      1         5        0.00
   197      1         6        0.00
   197      1         7        0.00
   197      1         8        0.00
   197      1         9        0.00
   197      1        10        0.00
   197      1        11        0.00
   197      1        12        0.00
   197      1        13        0.00
   197      1        14        0.00
   197      1        15        0.00
   197      2         1        0.00
   197      2         2        0.00
   197      2         3        0.00
   197      2         4        0.00
   197      2         5        0.00
   197      2         6        0.00
   197      2         7        0.00
   197      2         8        0.00
   197      2         9        0.00
   197      2        10        0.00
   197      2        11        0.00
   197      2        12        0.00
   197      2        13        0.00
   197      2        14        0.00
   197      2        15        0.00
   197      3         1        0.00
   197      3         2        0.00
   197      3         3        0.00
   197      3         4        0.00
   197      3         5        0.00
   197      3         6        0.00
   197      3         7        0.00
   197      3         8        0.00
   197      3         9        0.00
   197      3        10        0.00
   197      3        11        0.00
   197      3        12        0.00
   197      3        13        0.00
   197      3        14        0.00
   197      3        15        0.00
   197      4         1        0.00
   197      4         2        0.00
   197      4         3        0.00
   197      4         4        0.00
   197      4         5        0.00
   197      4         6        0.00
   197      4         7        0.00
   197      4         8        0.00
   197      4         9        0.00
   197      4        10        0.00
   197      4        11        0.00
   197      4        12        0.00
   197      4        13        0.00
   197      4        14        0.00
   197      4        15        0.00
   197      5         1        0.00
   197      5         2        0.00
   197      5         3        0.00
   197      5         4        0.00
   197      5         5        0.00
   197      5         6        0.00
   197      5         7        0.00
   197      5         8        0.00
   197      5         9        0.00
   197      5        10        0.00
   197      5        11        0.00
   197      5        12        0.00
   197      5        13        0.00
   197      5        14        0.00
   197      5        15        0.00
   197      6         1        0.00
   197      6         2        0.00
   197      6         3        0.00
   197      6         4        0.00
   197      6         5        0.00
   197      6         6        0.00
   197      6         7        0.00
   197      6         8        0.00
   197      6         9        0.00
   197      6        10        0.00
   197      6        11        0.00
   197      6        12        0.00
   197      6        13        0.00
   197      6        14        0.00
   197      6        15        0.00
   197      7         1        4.99
   197      7         2        4.99
   197      7         3        4.99
   197      7         4        4.99
   197      7         5        4.99
   197      7         6        4.99
   197      7         7        4.99
   197      7         8        4.99
   197      7         9        4.99
   197      7        10        4.99
   197      7        11        4.99
   197      7        12        4.99
   197      7        13        4.99
   197      7        14        4.99
   197      7        15        4.99
   197      8         1       13.22
   197      8         2       14.25
   197      8         3       14.55
   197      8         4       15.53
   197      8         5       15.67
   197      8         6       15.65
   197      8         7       14.93
   197      8         8       14.83
   197      8         9       15.24
   197      8        10       15.99
   197      8        11       15.00
   197      8        12       15.51
   197      8        13       14.86
   197      8        14       15.92
   197      8        15       15.98
   197      9         1        6.52
   197      9         2       17.33
   197      9         3       14.65
   197      9         4       16.95
   197      9         5        8.28
   197      9         6        7.40
   197      9         7        6.45
   197      9         8        6.58
   197      9         9       17.20
   197      9        10       17.09
   197      9        11        6.60
   197      9        12        6.40
   197      9        13        8.41
   197      9        14       11.47
   197      9        15       13.90
   197     10         1       16.49
   197     10         2       17.86
   197     10         3       18.39
   197     10         4       17.64
   197     10         5       17.68
   197     10         6       19.06
   197     10         7       17.62
   197     10         8       19.33
   197     10         9       10.96
   197     10        10        8.87
   197     10        11       11.99
   197     10        12        7.18
   197     10        13       19.14
   197     10        14       17.89
   197     10        15       18.27
   197     11         1       17.66
   197     11         2       17.92
   197     11         3       18.56
   197     11         4       18.14
   197     11         5       17.86
   197     11         6       15.70
   197     11         7       19.74
   197     11         8       18.96
   197     11         9       17.91
   197     11        10       17.00
   197     11        11       15.96
   197     11        12       16.89
   197     11        13       17.98
   197     11        14       18.58
   197     11        15       18.06
   197     12         1       17.62
   197     12         2       17.76
   197     12         3       17.53
   197     12         4       17.36
   197     12         5       18.29
   197     12         6       17.68
   197     12         7       17.43
   197     12         8       18.38
   197     12         9       18.12
   197     12        10       18.25
   197     12        11       17.92
   197     12        12       17.37
   197     12        13       18.20
   197     12        14       18.36
   197     12        15       17.93
