Price:[
39.61
37.18
32.40
29.29
27.24
24.91
25.04
22.92
22.30
28.63
31.42
34.91
39.58
43.94
41.00
36.81
49.44
64.91
49.44
45.60
46.02
40.32
36.30
29.51
27.94
25.50
20.92
17.38
19.85
20.67
25.36
32.00
35.09
39.34
37.45
39.73
44.07
39.82
36.54
36.52
47.97
80.00
56.72
37.13
44.52
37.09
36.86
35.77
35.94
35.65
33.02
32.00
31.72
35.93
35.95
36.03
37.42
39.93
45.05
44.96
44.91
41.59
36.57
40.65
57.92
74.34
57.13
42.03
44.02
44.04
36.58
40.01
40.01
51.46
36.07
35.38
32.29
32.10
34.00
31.97
35.37
36.59
38.89
47.09
54.05
49.90
38.51
37.02
56.69
79.98
54.92
45.96
41.00
40.98
35.91
36.58
36.55
36.07
35.50
34.29
30.43
35.18
38.51
41.12
43.25
51.46
51.21
42.98
45.12
37.48
37.06
37.06
54.97
90.73
58.51
42.43
36.58
38.98
36.05
36.01
36.02
35.49
32.91
30.12
29.78
33.47
38.96
37.78
38.81
40.95
43.94
42.34
45.58
44.57
36.59
36.53
51.20
75.92
56.69
43.47
42.09
40.27
36.10
36.58
36.60
36.09
31.26
22.57
26.75
31.95
37.64
41.68
42.08
45.54
41.38
40.52
39.91
38.95
37.00
36.09
43.91
61.70
42.99
43.46
42.02
40.04
35.19
34.94
33.97
30.00
24.93
18.79
24.49
31.35
37.91
36.79
37.31
48.10
41.98
47.18
46.05
41.52
35.55
35.10
49.96
70.49
47.95
40.43
38.15
37.91
35.59
35.18
35.37
32.99
28.08
19.30
19.59
25.67
37.91
38.46
38.00
43.06
45.09
49.98
39.14
35.59
35.56
36.54
49.99
59.97
40.04
39.99
37.38
36.91
35.07
34.99
33.71
32.93
28.99
20.30
16.35
15.77
23.64
25.99
30.00
37.81
38.64
42.29
39.10
36.91
35.99
33.99
35.59
59.90
46.97
46.02
35.30
34.00
33.04
33.93
33.10
30.10
28.46
20.00
19.99
19.21
20.00
20.07
20.07
36.85
38.18
35.00
40.92
42.61
42.00
32.96
38.56
68.00
41.40
57.92
48.00
36.00
33.05
30.00
29.00
20.70
20.71
15.06
15.11
25.88
35.96
36.60
41.10
36.17
41.24
46.00
47.33
45.00
44.90
41.84
49.98
72.90
47.96
52.03
46.98
43.36
36.66
34.95
35.05
35.13
33.62
30.83
25.91
35.51
36.97
46.66
44.61
44.99
49.04
41.57
39.99
36.09
36.26
35.54
44.17
64.98
44.97
53.25
39.92
36.11
34.78
34.47
34.54
34.20
27.93
24.51
22.91
28.91
36.63
38.49
42.14
42.93
42.10
41.52
38.90
38.95
38.09
35.99
47.20
64.20
47.60
52.05
40.05
35.06
34.58
33.18
33.41
33.54
32.78
24.90
18.00
28.02
38.03
41.12
41.20
40.00
42.00
41.23
44.10
42.09
42.02
34.01
49.61
63.98
49.45
50.01
37.99
34.97
34.01
32.27
32.14
31.71
30.01
21.60
23.42
31.73
37.13
40.93
41.92
52.10
46.70
49.08
46.40
42.10
40.30
36.02
41.56
69.05
51.87
50.00
54.99
40.96
37.90
34.92
35.57
34.90
33.60
33.13
32.91
32.94
33.43
34.97
36.91
43.92
51.58
49.94
36.54
36.56
36.06
34.41
44.00
74.96
59.19
44.97
42.21
38.98
38.95
40.00
39.06
38.25
37.13
33.59
33.07
33.06
33.07
32.06
32.72
33.51
36.09
43.00
49.98
41.93
36.53
36.00
42.00
72.03
55.05
44.49
42.97
42.03
35.09
35.01
35.44
35.78
35.02
33.96
33.50
34.00
38.76
42.05
38.99
42.91
44.93
45.37
46.00
39.96
37.26
37.07
55.94
91.12
65.00
50.83
44.59
40.50
39.00
34.03
34.21
34.43
34.21
33.40
32.48
33.57
39.91
44.97
43.98
45.04
42.95
40.93
39.57
39.15
38.95
38.15
46.19
84.90
52.88
44.00
40.91
34.96
34.18
33.53
33.04
33.04
32.39
28.20
29.57
33.51
40.49
43.69
46.19
45.90
46.45
41.70
39.36
35.92
37.41
38.18
54.01
100.72
60.01
45.20
42.04
42.02
39.37
34.59
34.91
34.40
33.04
32.57
31.39
34.03
39.96
44.64
46.07
47.34
45.97
41.41
40.41
38.56
37.40
38.90
53.03
109.91
62.52
46.00
42.05
36.97
35.91
35.96
36.06
33.93
32.99
31.77
28.43
32.61
41.12
45.42
46.09
45.99
44.01
39.57
37.75
36.77
34.80
34.61
41.99
62.98
47.91
44.01
34.72
34.60
34.63
42.96
37.86
36.41
32.05
26.88
25.65
28.65
32.62
31.20
35.03
40.78
36.01
39.83
38.80
34.33
33.42
33.07
43.00
61.96
55.95
46.52
38.05
40.10
36.49
40.80
39.20
35.79
33.78
32.98
29.68
29.12
33.01
33.64
34.95
35.98
37.94
43.93
48.46
40.38
37.91
32.67
44.55
74.91
51.96
43.95
45.03
35.97
34.63
34.94
32.57
32.56
32.00
28.59
28.36
33.00
40.36
41.09
40.65
41.64
41.53
40.00
40.40
40.53
36.35
34.37
46.55
79.90
55.05
46.93
42.22
36.98
36.43
33.55
33.34
33.08
32.54
30.96
28.87
33.06
37.86
41.85
42.92
46.03
40.55
37.74
37.92
37.92
35.99
35.56
42.74
70.00
51.91
39.87
39.03
34.52
33.01
32.55
29.92
28.74
26.87
22.55
21.79
30.80
35.47
38.18
38.18
37.91
37.77
36.48
35.44
33.24
33.07
32.82
39.13
65.41
53.16
38.51
36.13
35.97
33.64
33.04
31.13
30.68
30.08
28.07
29.18
32.48
36.25
42.06
43.65
45.55
40.96
38.66
39.02
39.58
38.47
36.84
44.84
69.96
51.94
41.30
41.09
36.72
35.09
33.97
33.60
34.91
32.90
32.50
27.01
30.75
37.50
41.41
42.55
48.07
46.07
43.02
39.91
35.33
35.50
33.99
42.01
74.91
51.93
46.39
41.01
36.32
34.75
37.04
36.86
33.01
31.46
29.09
25.01
27.49
32.08
32.54
34.95
36.31
34.53
35.96
34.72
32.79
32.57
31.32
35.50
66.94
51.69
39.97
33.07
34.19
33.24
38.07
38.03
34.86
32.50
29.20
28.10
28.10
29.13
29.96
32.54
32.57
39.33
47.40
50.10
45.07
37.30
35.21
39.20
69.92
64.90
52.33
41.07
41.01
32.57
32.71
32.59
33.02
32.52
31.07
29.14
31.96
43.24
44.40
45.08
46.96
46.02
43.46
42.63
42.00
37.50
36.09
45.41
102.18
89.99
45.57
43.50
42.04
37.69
35.82
34.94
33.99
33.52
33.08
32.66
34.98
45.20
47.03
50.71
53.27
48.17
48.84
42.05
42.45
41.11
40.10
44.29
73.91
57.98
45.53
39.20
40.72
34.91
33.96
33.98
33.39
32.59
31.83
32.43
34.88
43.05
45.48
46.10
46.07
46.77
41.87
39.42
37.89
36.73
36.76
43.73
74.98
59.94
43.27
42.03
39.57
36.52
36.04
35.92
36.00
34.49
33.44
32.51
35.48
46.96
45.69
46.84
49.93
46.31
46.85
44.85
38.59
36.45
35.53
43.10
83.03
84.91
65.09
43.98
44.08
37.55
36.05
35.98
36.03
35.23
33.97
32.60
35.49
43.58
50.46
51.08
53.93
49.10
46.56
41.08
36.76
36.06
35.57
39.89
74.99
77.92
47.56
40.58
43.10
38.03
39.14
38.86
37.08
36.25
35.52
32.06
32.97
35.81
36.43
39.24
42.68
52.95
52.01
39.50
37.56
37.10
36.59
36.59
76.94
72.05
46.09
42.51
40.24
38.82
48.00
45.01
41.72
35.99
32.57
29.68
31.05
32.11
30.98
31.73
33.71
38.34
47.22
52.33
45.00
38.94
36.43
36.43
80.01
79.92
40.84
37.90
36.95
35.16
37.85
35.00
36.01
32.50
31.25
32.52
36.50
43.43
42.00
47.49
53.52
52.51
52.51
48.43
39.95
39.27
37.75
42.71
87.38
85.00
56.24
46.33
43.56
40.39
36.56
36.78
36.91
34.86
32.58
35.56
38.07
52.31
59.98
55.05
57.19
56.06
49.99
48.47
44.99
39.92
37.57
45.00
90.00
89.93
59.94
42.98
42.79
38.09
37.94
38.07
38.34
35.98
33.57
33.05
36.03
43.67
49.25
52.13
51.36
44.69
42.65
39.97
38.55
38.55
38.08
42.33
84.92
84.94
51.11
43.55
43.59
37.62
42.07
64.91
64.90
39.06
36.42
34.97
39.06
46.06
50.99
54.68
59.93
43.60
49.70
43.90
39.12
39.07
38.08
41.98
79.98
79.98
53.00
45.01
45.01
34.85
38.52
35.99
35.00
33.50
30.15
30.22
32.91
42.20
41.91
43.45
45.67
45.96
53.01
44.02
39.72
39.67
39.41
41.90
69.98
75.00
49.30
44.08
43.08
33.55
40.98
39.94
40.04
34.05
33.54
29.98
32.99
36.05
33.50
42.00
46.95
57.22
55.69
54.06
36.91
34.92
40.05
42.60
71.98
79.96
45.09
45.03
42.90
34.75
42.00
40.00
38.87
35.77
33.08
31.24
32.92
33.02
31.15
33.47
39.99
37.56
45.00
48.00
42.50
39.15
38.00
40.00
65.21
90.00
43.77
40.73
40.34
36.03
35.79
33.57
33.27
33.01
30.46
33.00
36.92
45.06
41.77
49.18
55.00
55.00
55.00
47.00
40.99
38.02
39.82
41.56
63.90
79.91
50.01
40.66
38.00
37.01
35.90
34.55
34.19
33.09
31.68
30.26
34.46
39.89
40.27
40.02
49.57
47.75
51.19
45.93
40.06
39.18
37.01
38.00
64.94
85.00
48.81
44.08
41.01
35.96
35.19
33.86
33.02
30.31
29.75
29.76
35.50
39.50
41.80
42.19
44.98
44.98
51.32
43.08
38.66
40.00
36.97
37.10
57.97
69.95
46.79
37.45
40.11
36.22
34.28
33.13
31.98
30.00
29.45
29.90
34.01
40.94
42.57
45.02
45.66
41.33
47.17
41.72
39.10
39.03
37.89
39.85
54.97
71.22
50.00
39.38
40.75
38.10
34.72
33.95
33.96
33.52
31.58
31.24
35.55
42.94
41.23
43.59
55.98
51.90
51.60
44.01
39.22
37.96
37.73
40.16
55.75
77.92
47.95
42.35
39.57
36.73
38.06
37.93
37.28
34.41
32.96
30.23
30.75
34.15
34.02
38.00
41.96
45.56
44.93
38.03
37.07
34.24
37.36
44.90
53.97
82.01
50.83
42.07
42.01
39.80
43.00
41.01
49.90
48.00
38.81
34.83
34.10
33.57
34.00
34.99
43.82
44.00
51.28
44.94
38.69
38.69
39.00
39.00
57.06
80.70
49.32
37.00
38.96
35.00
33.36
34.54
34.92
33.95
32.50
27.00
33.43
38.44
42.00
44.00
48.06
46.00
46.10
46.00
42.00
38.00
38.00
40.00
55.05
83.00
48.10
38.60
38.60
34.68
34.01
34.51
34.56
33.91
31.98
28.88
32.37
37.97
39.97
40.00
50.17
44.91
41.73
38.52
37.48
37.85
39.97
44.97
53.96
68.75
49.56
45.52
40.62
35.18
34.34
34.07
34.09
33.94
31.94
30.07
34.56
40.48
37.35
38.95
47.80
45.99
54.95
49.98
41.12
37.66
42.01
42.02
59.03
79.08
47.01
37.09
40.79
35.00
34.98
34.53
34.35
32.38
27.20
28.05
33.88
39.47
40.05
43.68
50.00
41.97
39.95
39.74
38.63
37.03
39.94
44.01
54.90
75.40
47.60
38.90
42.04
37.31
34.08
34.94
34.54
34.02
32.24
29.69
34.43
41.71
42.95
50.02
57.04
55.03
47.23
42.95
41.82
40.20
41.69
45.89
62.24
85.48
49.43
44.51
39.71
37.60
42.06
40.02
36.42
35.73
34.51
28.88
33.78
35.08
34.54
41.74
56.09
65.08
54.09
39.91
35.04
34.51
34.97
35.92
49.96
77.63
49.90
37.23
39.22
37.41
35.60
34.91
32.01
28.70
15.15
14.09
14.29
15.00
20.64
24.97
35.97
34.92
38.09
50.02
37.06
35.00
32.99
34.54
35.76
82.68
57.25
50.02
40.32
37.86
35.00
35.01
36.92
35.09
30.01
28.00
34.91
46.37
46.00
51.65
48.46
45.99
39.49
37.99
39.62
35.98
37.00
43.16
44.61
93.08
62.99
41.55
40.84
36.15
36.83
35.55
35.20
34.47
30.77
32.38
36.34
41.66
45.17
54.91
48.98
40.46
37.63
35.61
34.58
34.53
35.00
38.11
41.65
69.99
65.06
44.07
44.50
36.49
34.97
34.53
34.49
33.48
29.93
29.92
34.50
39.00
40.56
44.95
40.51
39.27
39.05
36.81
38.19
37.23
38.02
44.62
40.54
77.00
74.91
57.91
42.51
37.07
37.40
36.17
35.48
34.05
32.06
30.99
36.13
40.08
46.06
48.90
40.88
37.85
36.57
34.93
35.45
36.13
36.74
37.00
46.95
64.99
64.91
41.12
40.10
34.00
35.79
35.19
35.15
34.03
31.21
29.74
36.07
42.00
50.08
57.94
51.95
43.70
41.63
38.98
36.59
34.10
34.04
34.34
42.19
63.32
56.93
43.51
38.94
34.63
45.07
36.70
30.60
26.91
24.18
23.24
26.34
28.23
32.20
37.30
39.00
43.20
42.67
34.34
32.91
30.15
25.09
29.93
34.02
70.09
56.47
42.00
37.93
35.06
24.26
24.39
24.65
23.11
23.11
23.11
23.11
23.11
24.85
31.25
33.35
36.18
39.95
38.65
39.08
38.66
34.13
33.56
33.60
68.92
58.00
37.10
40.57
35.67
35.85
37.50
34.96
33.52
31.08
28.59
32.38
38.95
43.07
46.15
46.61
38.84
34.64
34.10
34.06
33.75
33.05
34.00
41.56
70.00
49.98
34.03
35.10
33.52
31.38
31.00
32.43
29.41
28.00
28.98
33.75
38.32
39.71
37.99
42.83
39.95
43.18
43.79
40.95
41.61
41.04
39.04
42.61
79.93
66.11
45.91
38.89
38.09
36.41
39.95
40.84
35.05
31.27
28.39
33.00
39.00
39.48
42.76
53.86
44.08
41.04
37.41
36.01
35.86
36.01
36.13
38.90
74.95
57.00
43.04
40.24
38.07
40.58
48.06
40.05
35.20
31.00
27.62
31.92
37.98
41.07
42.00
37.20
36.24
36.10
36.02
35.58
34.06
35.54
37.99
37.65
71.05
57.97
39.78
37.00
35.57
37.42
35.88
35.47
35.18
31.20
31.61
34.38
38.76
43.95
52.05
55.00
45.98
46.99
40.01
35.61
35.09
35.08
35.80
41.95
74.98
59.91
41.51
39.08
38.19
40.40
39.63
39.93
35.72
34.92
29.11
30.00
34.63
36.00
38.48
42.98
50.98
54.92
40.35
36.06
35.62
35.58
36.05
41.10
74.05
59.91
40.50
39.09
36.10
41.00
41.60
45.00
35.39
31.00
29.06
29.09
31.06
29.57
33.13
40.39
46.02
39.91
39.98
36.07
36.01
36.02
36.07
36.08
89.01
59.93
39.95
42.04
38.51
36.00
36.00
35.55
33.92
31.18
30.94
34.92
41.07
42.98
44.36
44.00
42.00
41.83
40.06
38.93
36.05
37.09
40.56
41.00
67.49
66.92
40.00
39.26
36.00
38.25
36.95
36.08
35.51
33.62
31.44
36.50
40.01
41.54
41.91
46.85
43.10
43.10
41.10
36.59
36.50
36.09
42.00
42.88
74.84
70.03
42.32
41.51
36.91
38.06
38.02
35.59
34.94
32.94
31.82
34.59
38.99
40.06
42.64
50.09
43.97
40.42
41.25
37.02
36.79
36.01
38.10
41.61
74.43
68.83
40.04
40.06
35.06
35.88
35.73
35.72
34.91
31.90
27.96
34.99
38.98
40.95
43.53
43.95
44.86
39.94
37.92
37.05
36.57
36.97
40.27
41.73
74.34
70.05
43.25
42.08
35.26
38.00
38.97
35.93
34.96
34.49
33.35
34.98
40.39
43.15
50.04
57.93
50.47
39.43
38.02
35.01
34.61
34.57
35.43
38.39
66.14
59.97
39.10
41.08
34.91
38.93
38.05
36.00
34.83
33.24
29.91
30.00
33.37
32.09
41.52
43.02
46.08
46.63
42.90
38.55
34.88
34.99
34.99
38.88
73.07
64.96
37.30
41.51
34.96
46.50
46.50
37.00
31.98
31.05
30.32
30.72
30.71
30.97
32.41
33.96
42.02
50.20
47.87
39.72
36.41
37.47
39.98
43.00
68.02
69.34
46.38
40.28
34.05
35.95
33.81
33.17
31.21
31.00
32.45
36.82
40.96
42.33
42.89
45.70
49.11
45.39
41.23
39.03
36.99
37.82
40.08
48.07
70.01
67.51
41.97
42.01
37.00
36.98
35.19
35.94
34.45
33.04
32.96
34.16
41.96
44.28
43.40
41.99
43.40
40.24
39.92
40.99
39.81
41.86
41.31
47.67
72.70
70.00
39.59
39.77
35.91
38.04
35.67
35.67
35.51
33.44
32.15
36.48
46.10
51.75
51.97
48.08
49.05
46.76
43.63
42.03
38.85
40.45
40.48
46.03
66.93
81.93
40.68
40.23
37.56
38.65
36.67
35.09
31.43
28.58
29.73
35.67
43.57
47.15
45.27
45.00
40.90
38.27
36.92
36.00
35.89
34.51
36.55
36.41
59.94
74.00
44.03
39.56
36.07
35.52
32.95
35.67
35.14
33.63
33.42
35.96
44.05
43.23
44.25
51.80
47.99
44.54
41.35
39.32
38.56
38.84
39.95
42.00
68.01
74.96
43.00
44.79
42.57
43.60
52.00
48.50
36.72
30.17
24.54
24.24
26.89
32.43
37.55
50.03
53.31
43.38
34.99
34.72
33.59
33.97
35.24
37.62
59.99
74.91
38.00
40.10
36.37
40.04
37.24
35.99
34.73
30.17
27.23
26.98
26.98
30.98
34.93
35.97
42.93
82.46
77.44
43.93
33.88
30.49
30.40
30.00
32.91
53.64
57.14
39.30
35.00
36.00
27.90
34.44
34.12
33.91
30.90
28.92
38.00
39.00
50.03
52.09
54.96
63.85
54.91
38.69
37.00
44.05
44.92
47.59
53.13
59.94
43.99
42.00
37.84
38.50
26.88
30.51
29.07
27.62
20.00
30.22
37.05
42.52
49.90
50.06
50.00
38.93
37.62
37.50
37.10
37.59
41.97
47.88
49.26
56.03
64.94
44.98
37.15
44.57
37.00
37.15
37.90
35.47
34.93
36.99
40.98
44.25
45.94
48.00
55.57
49.50
40.99
40.06
40.01
40.05
48.44
53.25
49.70
59.94
67.47
46.06
44.41
41.98
38.93
39.91
38.99
37.97
37.95
40.33
42.91
47.53
55.97
54.10
55.98
60.10
59.94
55.06
50.25
50.96
59.70
59.70
57.45
53.42
59.18
47.13
47.01
47.93
41.15
41.99
41.55
40.49
39.52
39.45
40.87
43.56
43.56
53.16
57.48
55.00
53.91
42.07
41.58
41.57
50.07
42.02
42.07
54.91
62.55
45.54
40.84
42.10
39.28
39.96
39.46
37.98
36.97
36.92
38.97
39.82
42.57
48.58
55.90
57.97
48.00
42.05
41.91
40.30
40.90
44.91
47.81
55.78
74.43
64.90
45.73
67.34
38.96
40.02
38.66
37.98
37.43
37.45
37.46
37.93
41.06
42.01
46.91
49.01
49.91
42.52
41.50
40.29
41.58
42.07
45.00
57.00
82.99
52.00
42.03
52.05
40.37
40.38
40.37
37.95
36.97
36.94
39.00
38.73
42.00
49.92
48.50
50.00
41.91
41.09
40.00
38.20
40.00
40.87
43.00
54.94
72.95
43.99
40.06
40.91
34.27
37.98
37.95
36.49
36.21
38.94
45.64
59.14
59.14
64.91
58.35
53.05
45.69
44.95
41.10
41.00
41.98
46.91
50.24
51.08
71.01
47.05
47.06
40.48
36.45
38.26
37.58
34.19
34.00
38.83
47.85
61.99
69.14
49.91
44.72
41.00
40.80
40.57
40.06
40.02
40.56
41.58
41.59
54.08
64.95
47.58
39.53
41.02
36.90
38.71
38.21
35.92
34.48
38.27
47.50
53.33
57.81
56.50
51.07
48.05
41.07
39.93
39.16
39.34
41.85
43.85
44.01
52.09
69.92
48.78
39.83
42.97
37.99
38.92
37.99
35.98
34.03
36.91
40.92
45.78
59.92
59.99
59.91
47.20
47.04
44.93
39.00
36.82
42.02
45.94
44.93
51.70
58.08
47.14
36.88
42.93
30.34
28.38
25.00
25.00
25.00
25.00
25.00
29.54
45.05
52.90
54.00
45.94
39.93
37.09
32.99
37.44
38.18
45.02
50.05
53.93
61.20
50.06
38.96
43.10
31.04
29.07
26.03
25.00
24.08
24.75
25.31
25.00
28.95
42.95
50.00
48.09
47.98
39.02
37.06
36.97
41.00
46.95
51.90
52.96
75.04
56.45
49.06
44.95
34.90
34.77
35.44
34.77
34.73
38.27
78.89
64.95
69.92
64.95
64.99
56.13
49.03
39.49
38.10
38.16
42.01
42.00
40.02
42.64
52.08
44.58
35.50
43.61
37.48
33.95
30.05
29.00
29.00
33.38
44.05
44.95
58.60
59.92
52.81
40.04
39.08
39.05
38.99
38.54
45.47
56.01
48.03
48.03
61.94
48.04
38.06
45.38
38.45
38.46
36.87
32.11
31.77
35.92
44.25
44.01
55.09
58.95
45.17
40.01
40.06
39.08
39.02
39.00
44.94
55.10
49.53
55.82
63.21
47.56
45.01
39.95
38.45
38.52
38.48
37.40
36.93
38.57
40.07
40.06
57.00
61.09
55.39
40.96
40.01
39.56
39.11
40.06
48.89
57.78
53.72
55.57
64.91
46.66
45.01
41.97
39.05
38.92
38.65
37.95
36.94
38.47
40.90
44.28
61.21
69.95
58.23
47.55
44.81
39.52
38.56
39.10
43.78
54.07
48.11
49.92
60.15
44.96
42.07
42.60
38.50
38.43
38.44
37.62
37.44
37.62
37.91
39.20
47.05
54.98
54.09
40.94
38.07
37.48
37.46
37.53
38.08
54.02
54.07
49.70
57.96
47.07
46.00
43.47
38.42
38.43
38.90
36.73
35.51
34.97
36.10
36.72
41.48
45.47
50.83
47.91
46.04
40.03
38.50
38.50
41.01
48.07
46.91
50.00
77.18
52.27
44.06
39.14
37.00
37.55
37.55
37.46
37.40
37.90
39.68
50.00
57.18
59.00
53.88
42.00
40.60
39.50
38.62
38.62
44.00
54.07
49.86
45.00
54.95
47.51
44.92
38.97
37.01
37.10
37.11
36.45
35.93
37.42
39.47
46.01
58.01
54.98
49.50
38.96
38.44
37.96
37.90
38.08
40.53
53.71
48.53
45.98
55.51
44.92
42.10
39.35
35.94
36.99
35.80
34.45
34.25
36.96
39.33
47.05
55.94
54.97
49.90
40.01
38.45
37.51
37.43
37.60
42.92
54.41
51.62
50.09
54.91
45.60
43.02
41.28
36.92
36.52
36.13
34.68
34.46
36.56
39.07
41.98
55.98
55.96
52.76
42.03
38.45
38.01
37.55
38.09
52.02
55.06
51.73
50.51
55.94
45.43
43.25
41.00
37.18
37.10
36.92
34.45
34.07
37.08
39.19
42.69
54.51
56.51
58.00
50.21
45.04
39.06
37.54
37.35
42.05
47.98
42.46
43.64
52.94
43.94
40.34
43.05
35.01
36.32
34.96
25.84
25.00
32.07
37.00
36.99
44.57
53.94
53.99
53.98
38.05
36.97
36.54
36.51
37.05
47.53
50.07
43.94
59.90
58.00
44.57
45.00
39.01
39.02
38.88
36.75
33.85
34.95
35.64
34.00
43.09
45.06
53.70
54.84
53.70
40.01
37.06
37.02
37.57
47.50
47.77
44.45
60.00
60.01
43.07
41.25
36.60
37.17
36.71
36.13
35.35
36.18
43.52
46.52
60.04
60.93
56.83
56.97
45.32
38.02
37.32
37.37
39.43
51.00
48.95
45.73
51.96
46.06
40.10
40.01
36.49
34.74
33.90
29.97
27.99
32.86
40.70
44.04
55.00
54.84
48.00
49.00
38.96
38.05
37.57
37.58
40.40
53.10
52.02
47.18
55.93
46.52
39.14
39.04
34.97
34.99
33.97
29.36
29.22
37.19
44.01
44.42
54.47
55.32
50.07
42.77
37.59
42.59
39.24
37.12
47.05
53.13
51.59
50.02
58.06
48.00
44.02
39.01
35.61
35.06
33.98
30.00
29.00
33.99
41.95
44.09
48.00
49.91
42.40
42.50
39.56
39.03
37.50
37.11
53.43
51.48
50.70
51.66
59.98
48.30
44.05
39.06
37.30
36.40
35.01
31.87
31.43
34.95
41.00
44.55
53.24
58.05
48.52
48.70
42.80
39.00
37.44
37.43
43.76
52.00
40.58
43.95
52.76
48.00
44.29
42.08
37.98
38.40
37.47
33.87
31.58
30.15
36.95
36.96
41.97
56.04
50.03
47.15
38.86
37.63
35.32
34.95
35.32
45.08
44.67
40.00
45.34
45.00
33.49
43.00
30.95
27.80
27.93
19.99
15.76
10.65
15.78
17.80
23.49
35.17
39.84
54.00
54.06
50.03
37.09
35.17
38.69
52.48
49.83
45.85
46.37
51.58
37.00
45.06
33.92
34.96
34.91
24.09
24.09
23.74
34.98
28.62
29.88
35.99
39.58
39.06
39.59
38.55
37.05
38.51
46.32
52.75
56.50
49.91
59.90
61.00
40.03
34.91
29.18
28.74
28.30
21.10
18.39
18.25
33.99
39.97
53.72
54.36
42.00
45.01
39.07
37.58
37.00
36.58
39.51
54.13
42.00
39.04
42.57
46.57
33.33
38.17
25.92
27.97
23.95
22.74
22.74
31.85
40.08
37.31
51.70
53.22
49.95
47.98
47.94
38.74
36.78
36.68
42.07
48.68
41.42
44.68
45.98
47.58
32.98
39.49
29.98
29.93
29.91
28.06
29.95
33.07
40.06
41.85
53.74
52.42
49.27
45.66
44.93
40.05
39.42
39.46
53.96
59.91
53.92
47.05
49.97
50.08
40.89
40.05
37.22
37.47
37.22
35.96
35.10
35.00
40.96
42.48
56.99
59.83
54.98
54.13
49.65
40.08
39.01
37.72
46.04
46.74
40.53
44.02
40.97
44.95
34.47
39.51
36.50
37.93
35.91
32.95
30.95
30.95
33.92
36.80
37.16
50.92
52.49
52.00
40.03
37.00
36.70
36.41
39.53
52.99
54.98
53.11
57.09
57.91
81.90
90.95
50.20
46.70
38.60
36.98
27.61
23.58
24.99
23.67
36.81
39.54
47.04
50.71
42.35
37.52
35.58
35.00
37.77
47.10
49.03
45.08
45.86
48.00
35.58
35.98
21.10
21.09
20.78
18.99
21.00
22.06
39.08
42.00
56.78
54.97
50.03
40.70
38.20
37.09
36.99
36.79
40.00
52.04
49.95
37.50
36.69
39.02
25.30
36.51
24.99
23.93
22.99
21.44
16.33
24.97
39.68
42.10
56.10
54.92
46.45
38.67
39.04
37.50
35.93
36.49
39.52
46.60
46.40
44.18
53.13
60.01
39.95
38.79
35.93
35.98
35.24
35.40
35.41
36.89
44.00
41.56
56.98
57.83
52.10
46.90
45.41
39.04
38.36
39.09
53.01
56.03
53.46
46.02
46.05
51.80
42.05
39.57
36.49
34.95
32.93
31.02
31.01
31.01
38.96
41.70
46.91
50.03
42.45
43.16
42.47
39.08
39.00
40.06
59.98
59.70
55.90
48.97
47.03
45.40
39.86
39.11
36.14
35.45
34.49
34.04
33.77
34.96
39.58
47.07
59.96
60.96
56.02
44.94
44.12
42.19
39.48
39.02
48.06
48.17
45.11
40.09
40.04
44.27
35.33
39.92
34.97
33.49
30.01
20.00
19.94
19.97
15.29
37.19
43.00
44.96
44.66
40.57
40.01
36.49
35.48
36.95
39.60
41.00
45.80
44.00
44.97
51.32
42.17
45.00
36.94
33.56
24.99
17.93
15.62
13.10
13.09
21.94
33.05
36.02
37.96
38.00
40.57
40.04
39.05
37.93
42.00
44.00
54.93
54.98
54.99
64.93
41.10
39.52
34.93
31.91
26.00
21.94
21.00
27.65
45.03
39.51
44.97
41.99
43.91
46.20
39.57
39.07
38.91
37.20
48.86
56.12
54.97
45.48
44.94
50.08
40.02
40.04
35.96
35.49
35.12
29.94
23.44
32.49
39.98
41.51
49.07
49.91
42.45
42.44
41.57
38.66
38.03
38.59
47.02
53.77
52.03
41.03
41.59
45.49
38.09
39.57
34.99
35.20
35.41
27.94
23.22
29.76
40.54
43.06
47.48
48.72
41.03
42.97
43.02
40.09
38.60
37.93
47.12
53.12
52.40
46.58
44.08
46.99
41.01
42.62
37.74
38.20
37.19
33.96
30.02
35.19
42.50
43.07
49.92
49.25
41.93
43.02
40.54
39.43
38.02
37.75
46.09
50.32
45.73
46.06
43.02
43.40
39.93
39.98
37.61
37.97
36.44
33.07
27.02
35.99
40.01
41.44
53.00
54.90
47.09
42.68
40.57
39.05
37.03
37.03
43.15
50.00
49.70
42.08
42.93
46.72
41.08
43.01
37.72
36.46
35.41
34.98
31.58
34.06
36.07
40.04
46.82
56.06
51.94
47.11
41.20
40.01
36.84
35.91
39.07
45.94
49.95
44.05
42.03
43.70
40.09
45.00
40.02
37.20
35.00
32.92
21.56
20.30
22.97
32.33
35.96
40.10
41.50
46.02
45.59
40.51
36.08
36.00
40.09
49.94
52.90
46.42
49.70
50.03
41.00
46.93
40.00
36.92
35.81
34.91
26.93
27.92
33.70
35.66
40.07
42.92
43.93
47.09
45.03
42.08
39.99
36.09
47.03
53.05
55.01
50.56
45.96
50.00
44.01
42.33
36.97
35.63
32.91
28.92
25.03
28.82
39.09
40.57
50.00
60.02
52.05
48.05
41.15
40.00
38.00
36.67
42.93
57.09
59.50
40.58
40.03
42.21
43.51
44.43
36.98
36.95
36.45
34.94
30.97
35.94
40.09
40.98
54.99
59.96
52.83
45.82
42.00
40.00
38.50
36.72
44.01
53.94
52.31
43.70
40.52
44.52
40.00
40.01
36.40
35.18
28.74
25.00
19.92
27.25
41.02
39.09
53.31
53.91
44.01
46.09
44.00
39.51
38.52
39.02
44.89
54.01
53.96
48.08
44.94
45.04
41.03
44.00
34.77
35.13
33.89
29.97
30.47
36.50
45.04
44.01
54.92
57.05
50.50
48.92
47.56
40.50
36.93
36.90
40.09
50.67
48.66
44.43
41.43
42.30
40.35
43.44
35.94
36.92
35.67
32.53
23.32
28.33
33.96
34.73
40.08
47.97
47.98
49.97
44.02
40.08
37.00
37.60
44.02
52.01
52.21
49.00
47.92
49.00
45.07
45.00
38.00
37.76
36.26
25.09
10.47
9.84
9.86
10.30
32.24
36.09
40.02
47.08
47.57
39.35
36.26
35.95
38.55
40.03
46.00
49.82
46.99
50.00
43.00
45.00
35.84
29.92
24.97
14.83
12.55
27.93
39.10
40.01
51.97
49.90
50.02
43.66
40.50
40.01
38.00
36.34
40.47
53.83
48.00
49.05
40.91
38.77
37.93
37.99
30.00
22.46
19.94
11.83
13.02
20.00
37.09
39.58
49.06
51.92
48.58
48.07
46.00
40.50
37.46
37.03
44.90
51.92
46.01
43.42
42.04
42.57
36.50
39.98
32.93
31.11
24.92
22.00
14.99
29.97
39.76
40.05
44.95
43.46
40.08
42.98
42.21
40.55
40.52
38.47
53.22
62.91
61.00
56.60
46.59
45.06
42.54
44.04
38.09
36.92
35.64
33.14
33.13
35.01
41.01
43.53
62.91
51.95
44.83
46.17
43.63
40.98
39.27
38.61
57.05
62.08
58.75
46.01
43.91
44.92
41.46
44.51
41.02
39.38
35.01
32.53
24.94
32.94
40.51
41.09
58.99
58.99
48.76
44.40
44.00
40.93
40.06
38.67
45.48
49.49
44.04
44.10
42.01
42.03
38.06
45.01
38.62
38.00
29.01
15.46
13.94
14.97
17.82
32.09
40.55
46.05
42.92
41.06
40.01
36.05
34.50
34.50
38.07
44.97
48.01
48.02
47.90
52.13
47.96
45.05
40.56
38.93
34.94
23.56
17.93
15.29
17.93
31.91
34.94
40.00
42.00
40.51
40.09
40.51
39.00
36.00
40.04
47.96
56.45
53.46
53.34
58.08
47.94
52.05
40.94
37.24
37.02
33.79
28.74
36.06
41.96
42.08
47.03
55.03
48.09
47.04
47.50
54.91
45.95
40.05
54.93
57.93
55.18
54.35
48.09
46.06
39.51
45.07
36.99
36.74
34.72
33.79
32.73
34.94
45.09
43.21
47.01
52.91
45.91
44.90
43.51
41.09
40.08
39.94
53.99
56.98
52.53
50.91
44.92
42.92
44.35
41.55
37.24
36.80
35.91
24.99
19.44
32.97
42.36
44.58
45.83
47.01
43.19
43.63
45.00
37.57
37.05
36.95
45.48
52.76
49.49
45.90
41.49
41.73
37.00
46.52
39.91
37.68
34.92
29.98
29.91
33.52
41.52
44.51
57.95
55.60
45.00
40.87
43.80
38.17
38.15
38.05
55.62
57.19
52.09
49.09
42.90
43.76
40.37
42.00
37.02
36.72
34.96
30.87
29.28
31.53
39.89
41.84
50.47
52.34
51.17
48.70
45.54
44.06
39.59
36.70
46.14
47.00
45.58
45.98
45.02
43.67
43.29
44.57
37.94
36.15
35.96
33.96
28.98
28.52
33.91
35.32
40.96
49.93
51.62
50.09
44.96
43.99
36.51
35.98
41.96
54.90
51.98
51.79
41.96
42.51
45.74
45.59
42.92
43.05
38.04
34.45
28.96
28.91
33.00
31.92
33.52
36.57
42.91
53.01
53.39
39.79
36.09
36.04
44.50
50.47
54.63
53.50
47.93
42.95
41.75
43.00
37.93
36.99
35.87
33.52
33.46
35.87
40.06
35.11
37.55
44.96
44.92
43.91
42.93
44.24
42.94
39.42
57.93
66.02
57.91
56.09
45.00
42.95
40.02
45.01
41.06
37.10
36.04
33.90
33.52
35.91
43.55
43.99
48.01
50.66
40.65
46.57
46.24
43.04
38.52
37.70
48.09
52.19
48.02
45.59
43.98
44.54
39.00
42.05
36.12
35.42
33.43
23.90
23.48
34.07
43.05
40.00
49.06
54.06
45.10
45.05
45.01
42.77
37.03
36.43
47.11
52.84
46.42
46.09
41.63
45.00
37.58
43.03
36.48
35.47
34.07
26.50
19.97
27.99
37.94
40.49
45.02
51.71
44.12
40.49
45.00
39.50
37.52
37.06
50.18
54.10
53.31
51.58
46.01
44.33
41.01
39.97
36.45
35.90
32.95
27.94
25.03
31.21
38.04
40.73
46.39
50.36
47.67
48.00
45.01
39.60
37.58
37.60
49.30
50.81
48.51
44.55
42.43
40.06
44.50
46.65
39.97
36.97
36.27
34.93
30.40
32.01
36.06
37.59
47.56
55.60
52.70
55.40
51.60
43.80
37.24
36.26
41.50
48.82
46.57
42.94
42.58
42.09
42.67
46.43
40.94
37.97
35.50
32.84
24.56
21.46
24.56
24.56
33.92
37.91
37.94
40.19
39.93
36.50
35.49
35.52
36.52
45.54
52.13
53.16
52.90
53.79
44.08
40.98
35.13
32.00
29.28
25.00
23.93
28.85
37.94
35.34
42.01
44.45
40.15
42.00
43.98
37.58
37.25
37.50
45.07
56.67
55.00
50.07
38.44
42.09
37.00
40.47
35.70
35.70
35.12
34.72
29.94
35.33
38.04
38.18
44.42
46.95
47.01
49.49
45.14
37.51
36.82
41.39
54.60
59.98
57.70
49.47
41.49
42.08
40.70
44.70
37.04
36.71
36.04
34.71
34.79
34.79
39.12
41.48
46.23
46.93
44.46
45.00
43.50
37.47
37.04
38.04
52.66
55.09
50.00
45.58
43.04
43.03
43.48
40.93
36.98
35.16
33.91
33.50
28.99
35.57
39.94
42.78
44.96
50.17
50.00
45.10
44.01
40.06
39.07
40.00
52.62
54.87
50.25
45.93
43.98
42.49
41.25
41.08
37.68
36.07
35.90
35.14
35.06
34.93
37.95
41.01
45.64
50.99
51.67
50.02
44.16
44.90
37.03
36.59
43.29
49.41
42.96
46.14
40.99
43.70
40.14
53.00
42.07
38.56
35.85
35.75
35.26
34.97
38.08
40.23
43.65
55.30
52.98
51.35
43.75
38.99
35.62
35.80
41.08
56.92
57.00
53.16
42.10
43.00
43.09
52.00
39.09
35.92
35.57
30.91
26.03
25.65
26.03
26.03
33.65
37.00
42.73
47.00
47.00
39.80
35.48
35.38
41.10
47.94
51.01
50.06
45.00
50.76
49.92
43.06
37.96
36.43
35.72
33.95
33.50
35.05
42.52
40.79
42.00
45.09
45.00
43.93
45.00
40.00
39.03
39.03
50.89
55.10
50.00
44.25
40.06
43.08
43.02
40.92
36.40
35.38
32.42
29.96
27.78
30.80
37.95
40.20
47.58
50.70
48.96
45.44
45.52
44.55
40.06
39.09
51.93
52.00
48.90
50.87
41.99
42.84
38.39
42.00
36.95
35.26
32.93
29.41
23.11
30.98
38.78
37.90
40.59
47.70
46.50
45.13
44.81
41.32
38.20
39.16
46.64
52.78
49.97
44.50
44.23
40.92
38.94
44.32
36.95
34.07
33.58
28.09
21.99
29.98
40.66
36.47
41.44
46.05
43.98
48.60
47.12
46.38
43.07
40.46
50.05
56.99
51.56
51.56
44.00
44.90
42.08
42.10
36.91
35.61
34.08
30.65
30.65
35.00
41.07
40.91
46.67
51.45
51.56
50.75
45.84
44.05
41.75
39.97
43.94
46.19
40.73
46.50
39.92
41.49
37.03
49.93
39.13
39.98
33.94
23.61
20.55
20.07
32.96
35.46
39.67
53.06
51.87
49.43
42.71
35.95
33.99
33.98
36.14
47.60
49.94
49.94
43.04
49.91
47.92
45.07
40.42
38.81
34.97
33.95
30.66
30.99
33.34
21.26
35.92
37.50
47.74
53.08
51.73
39.56
35.51
35.21
41.32
51.93
55.59
52.05
40.00
40.00
40.00
45.00
36.12
34.10
32.92
32.00
31.95
33.00
38.52
37.12
45.67
50.10
49.04
48.08
47.71
43.96
41.37
41.34
47.53
55.00
50.00
52.00
43.82
43.21
39.20
42.83
37.12
33.96
33.13
29.90
28.55
34.04
43.09
45.13
47.81
60.08
55.68
50.07
47.57
38.94
37.00
36.56
46.00
50.05
43.19
46.02
42.79
43.04
39.94
43.10
39.03
37.41
34.18
30.95
29.96
32.04
40.04
37.94
44.06
50.05
48.06
48.07
49.17
46.68
41.02
36.51
48.40
52.29
45.44
46.90
45.01
45.00
43.06
41.99
37.40
36.16
33.96
29.90
18.12
35.37
40.68
42.52
49.02
56.80
49.60
53.34
51.36
43.07
37.59
39.15
57.20
65.01
55.39
58.60
44.55
46.12
42.59
43.97
38.97
37.48
35.99
33.46
33.00
35.93
42.02
43.51
54.59
57.67
51.40
50.05
47.80
43.58
39.64
37.42
47.51
52.76
45.00
49.55
43.90
41.39
38.90
50.01
39.40
38.00
37.13
36.29
35.40
35.51
37.05
38.59
52.07
56.03
52.44
49.82
45.57
41.53
37.77
37.74
41.61
48.44
49.18
46.52
39.04
38.50
43.08
42.00
35.31
34.92
35.41
34.02
33.73
32.00
36.15
33.97
36.97
42.69
46.00
48.62
48.01
43.00
38.06
37.59
43.00
54.06
54.08
54.08
51.27
49.97
50.60
43.10
37.00
36.80
36.75
36.33
36.34
38.04
44.50
38.04
46.80
54.27
47.65
54.38
53.49
43.01
38.50
38.04
50.30
55.06
50.00
52.79
46.05
47.04
41.07
42.26
35.94
35.45
34.67
34.67
34.67
34.67
43.44
44.06
50.24
59.57
60.00
65.60
62.60
50.05
39.04
39.00
57.53
77.04
51.40
48.01
44.91
46.93
44.08
41.42
36.14
35.01
34.49
33.38
33.82
34.49
40.99
43.81
44.56
53.92
53.86
55.07
52.41
40.06
38.55
38.04
47.94
56.42
45.81
53.08
44.26
45.02
44.56
41.93
37.43
35.96
34.23
33.53
33.41
34.62
43.05
44.54
52.00
61.66
55.06
55.25
53.03
45.59
42.00
43.12
51.92
45.93
40.21
45.06
40.78
43.02
43.06
43.51
36.39
29.08
27.58
27.42
23.41
29.08
40.08
40.52
58.59
56.40
51.93
47.79
43.35
41.31
38.04
36.54
43.34
44.91
38.92
54.81
44.93
42.57
38.07
64.92
46.70
32.97
22.68
21.85
21.27
20.91
26.61
25.15
38.35
58.36
56.79
41.48
38.69
35.94
33.98
33.92
35.99
48.09
60.10
57.20
51.10
50.78
50.00
46.00
42.76
45.00
36.45
34.09
32.08
29.96
32.00
21.10
35.50
42.93
56.26
52.98
49.81
37.40
36.53
34.70
39.97
49.00
58.00
56.00
51.80
52.54
42.14
46.00
42.86
37.81
35.94
33.94
33.97
33.99
38.19
38.08
54.46
60.05
57.93
55.02
49.80
41.09
36.56
36.61
39.00
47.01
46.96
48.00
43.08
40.00
40.00
40.99
36.97
35.96
32.94
29.99
30.00
36.01
43.08
41.65
41.91
43.00
40.01
40.33
41.14
42.65
42.53
42.52
49.70
52.01
52.01
51.24
44.97
43.59
42.70
40.94
35.92
35.61
34.94
32.16
32.51
35.07
43.59
42.53
55.80
55.77
55.00
54.70
50.00
37.06
36.54
36.59
46.65
52.21
42.80
48.37
44.52
43.50
42.01
43.00
37.96
37.90
34.92
32.91
32.73
32.73
42.01
40.49
41.80
52.80
50.01
50.09
42.05
39.92
37.60
37.51
52.70
52.81
49.00
47.45
42.00
43.54
42.55
40.92
37.97
37.90
34.92
34.39
33.91
34.39
41.67
39.76
46.97
57.90
56.06
57.91
55.79
43.53
36.93
36.56
42.91
51.93
39.99
49.30
36.56
39.99
43.05
39.93
35.95
32.90
26.73
25.72
19.94
10.92
26.62
33.53
35.92
40.80
46.32
44.92
35.96
35.44
34.73
35.10
35.96
48.93
50.04
54.95
46.94
51.65
51.64
35.95
34.93
32.91
31.80
25.56
25.54
25.00
25.54
26.23
30.43
36.40
51.65
51.90
50.04
35.94
34.16
34.73
36.45
41.04
43.00
40.50
36.09
42.55
37.00
40.00
36.94
35.12
32.06
27.00
27.00
30.96
39.93
35.55
41.80
49.20
51.10
50.40
47.70
38.31
36.33
36.06
37.73
60.04
57.08
50.60
39.96
43.00
41.59
43.97
36.93
35.98
33.72
32.83
31.89
35.91
41.53
38.99
42.14
48.54
49.90
51.65
48.04
38.33
35.99
37.03
47.00
53.27
47.93
44.60
42.04
42.59
41.96
42.55
37.41
35.96
32.90
30.00
29.87
31.68
40.66
42.07
44.95
45.99
44.96
48.60
45.70
40.03
38.55
39.16
51.60
58.00
49.42
44.62
41.75
42.94
42.04
42.07
37.52
36.97
34.79
34.35
33.93
34.54
39.94
41.00
43.04
43.72
42.33
46.37
44.00
39.97
38.20
39.56
52.70
58.01
51.84
51.83
42.81
47.58
43.01
42.09
36.41
35.95
35.16
33.02
32.99
34.87
38.98
42.16
56.00
53.09
48.41
46.40
41.96
43.65
38.06
36.32
44.31
51.50
46.05
49.16
42.90
46.43
42.02
42.54
37.40
35.97
35.09
34.58
34.52
34.98
36.42
36.13
42.00
56.85
58.70
49.99
38.90
35.78
35.00
35.00
36.10
43.88
48.12
49.99
44.93
53.19
44.09
42.08
38.44
38.26
36.97
35.99
35.93
34.62
34.96
36.91
40.98
49.70
43.44
46.47
46.36
36.65
35.98
35.55
36.17
46.91
54.70
52.06
46.48
54.62
39.44
42.00
37.99
34.90
24.99
21.00
23.81
27.60
42.52
38.00
43.59
50.05
48.96
50.14
45.00
41.68
38.66
39.36
45.64
54.97
56.50
43.82
42.40
46.90
35.94
42.00
40.01
38.51
34.05
26.03
25.81
28.06
39.00
37.94
42.55
45.00
41.33
40.85
38.97
36.59
35.09
35.08
43.88
52.85
49.70
44.79
41.94
47.02
41.51
39.96
35.96
36.93
35.00
34.04
34.05
36.92
40.98
34.99
46.07
50.00
49.91
50.06
47.95
40.05
36.03
35.56
45.99
54.19
51.94
48.62
43.53
45.54
40.00
36.98
34.93
34.51
34.01
33.82
34.07
35.07
42.55
40.59
43.54
48.06
45.63
49.81
47.25
39.53
39.00
39.54
48.06
54.19
52.05
52.70
47.35
50.04
42.04
50.70
40.08
36.00
35.39
35.38
35.38
35.47
44.06
38.00
50.87
57.01
52.09
55.05
47.74
44.06
38.54
38.25
42.00
51.93
49.62
47.04
44.02
45.75
44.05
42.09
38.99
37.49
36.47
35.30
34.86
34.71
34.71
34.93
44.94
50.20
49.00
45.54
41.40
38.20
34.98
34.98
39.01
42.43
48.70
43.94
42.09
45.04
39.81
41.50
37.01
37.97
36.54
36.53
36.51
36.19
36.60
35.96
37.00
39.52
42.06
44.00
42.33
39.54
36.09
36.06
39.55
42.00
47.00
45.21
49.60
56.35
40.38
42.58
35.76
34.63
33.92
33.95
33.97
34.66
43.02
38.06
44.04
55.00
55.00
56.00
49.54
39.09
37.52
35.90
39.40
53.05
52.76
44.02
41.05
44.80
38.35
37.89
34.56
34.37
33.42
32.44
32.48
34.46
41.26
38.59
48.77
49.64
49.63
51.66
47.97
38.79
37.23
36.33
41.47
58.21
53.99
49.52
43.17
44.93
38.95
41.04
36.06
35.47
34.44
31.97
33.42
34.27
40.97
39.01
43.06
52.88
49.49
52.98
47.52
39.55
39.05
38.09
44.32
58.04
50.64
50.05
44.00
44.96
39.62
41.05
36.78
35.43
34.24
31.90
32.64
33.96
37.99
39.05
42.33
50.01
50.00
53.00
46.45
39.33
39.02
37.45
40.88
57.39
54.39
49.30
42.97
43.91
39.59
39.49
36.54
34.84
33.97
32.50
33.08
33.64
36.50
41.09
44.95
58.21
57.23
56.08
46.93
44.03
39.01
38.40
39.57
51.52
49.16
42.06
39.46
41.04
38.61
38.94
34.65
35.94
34.29
34.03
33.39
33.39
34.29
35.40
39.10
40.59
44.41
43.97
39.09
35.77
34.29
34.29
37.97
46.92
49.90
49.44
49.29
51.81
41.32
40.55
39.00
36.01
34.29
33.81
33.81
34.00
34.95
35.43
36.95
37.98
39.07
43.00
43.19
39.08
37.00
38.01
42.70
52.00
52.00
49.24
53.22
59.97
42.03
40.52
36.48
35.38
34.29
33.49
33.44
34.30
38.00
36.00
39.51
44.94
44.99
49.87
49.87
39.57
39.05
39.08
51.63
60.22
59.39
48.20
44.07
41.37
39.02
37.99
35.00
34.40
33.57
32.96
32.97
33.57
36.92
39.06
40.34
48.03
43.99
43.98
41.93
39.06
35.89
35.09
39.96
56.76
51.46
44.99
47.00
41.94
39.10
37.44
34.91
34.13
33.51
32.93
32.86
34.21
37.01
39.04
45.51
52.73
48.70
48.70
41.39
39.00
36.75
37.07
40.97
49.96
48.84
40.71
41.03
40.33
39.09
36.96
35.17
34.46
33.52
33.46
33.52
34.41
37.66
39.77
44.99
51.39
48.43
48.00
44.00
39.08
38.09
38.52
41.01
49.02
42.39
41.09
40.15
40.59
39.57
38.07
34.96
32.51
32.36
31.94
31.00
33.90
38.01
38.71
39.51
49.53
48.47
48.47
43.21
36.01
35.09
35.45
38.89
48.03
47.05
42.15
43.34
39.73
39.03
38.04
36.47
35.12
33.97
33.52
33.52
34.16
35.42
35.56
41.95
49.93
49.93
47.83
40.25
34.90
33.08
33.09
35.54
52.02
49.08
41.95
42.45
39.49
36.98
51.01
37.77
36.56
38.07
29.87
26.30
23.39
24.96
26.92
36.99
39.55
39.99
43.00
44.94
34.87
33.76
33.76
34.93
43.93
42.96
45.87
59.01
53.40
41.10
36.97
33.09
33.05
35.73
34.51
35.03
38.01
42.96
37.40
41.06
45.98
45.00
47.68
47.67
41.04
39.14
40.01
48.02
56.19
53.95
46.00
42.00
41.42
38.04
39.08
34.94
31.71
29.62
27.58
28.79
33.37
39.03
38.07
37.91
44.01
43.41
46.23
45.01
40.61
39.06
37.46
41.03
56.46
50.04
40.49
43.67
37.99
35.56
38.56
37.50
31.93
26.58
26.58
25.29
31.05
38.64
37.52
36.91
46.74
42.37
43.81
42.52
36.08
34.10
34.00
36.09
49.97
47.45
41.39
44.00
40.01
35.96
38.18
36.93
30.94
26.47
23.54
23.54
33.32
38.53
37.56
41.00
45.95
41.72
43.83
40.87
35.98
34.60
38.73
39.97
49.07
48.30
45.08
47.63
45.61
39.09
38.07
35.91
34.57
32.94
32.90
32.95
35.91
39.00
38.69
42.70
52.96
48.41
45.09
42.02
39.92
34.08
34.56
38.65
44.23
42.50
40.00
47.93
42.78
32.70
35.98
33.98
32.97
32.91
30.46
30.54
32.93
33.93
35.91
39.53
45.50
44.30
41.37
36.59
33.60
33.02
33.06
34.06
40.95
48.13
48.13
60.20
48.12
35.98
40.03
35.08
34.07
32.76
28.00
28.00
30.00
33.30
32.95
34.70
35.03
43.75
45.70
46.83
40.00
34.34
34.53
40.98
52.40
47.54
47.05
59.04
50.01
35.08
39.66
35.10
35.25
32.70
28.09
28.09
32.01
34.49
33.27
36.35
39.88
44.95
46.01
45.06
39.06
34.56
34.56
47.00
50.00
47.00
44.41
56.87
47.00
35.00
39.99
34.45
34.25
27.59
23.52
23.53
32.41
39.50
38.84
40.50
49.98
45.42
46.55
45.30
39.55
34.98
35.15
45.62
53.60
52.05
48.52
60.00
46.62
34.98
35.42
34.08
33.69
33.01
30.03
30.03
32.98
35.55
39.90
48.39
54.56
48.01
48.40
46.01
36.00
35.04
34.77
48.00
53.78
51.53
48.07
60.00
44.50
34.60
41.49
36.01
35.01
34.10
32.71
31.92
33.43
37.17
41.02
42.97
41.00
36.48
38.95
37.99
35.56
35.42
35.42
36.52
49.97
49.25
47.08
58.09
38.40
37.07
36.91
34.91
33.90
33.38
32.90
32.05
33.57
38.97
40.76
50.23
54.06
53.05
50.00
45.04
41.00
35.06
35.06
44.00
45.60
46.00
43.45
57.78
41.94
35.96
42.06
35.97
35.17
34.93
34.58
33.46
34.58
34.94
34.91
36.95
36.63
50.29
51.00
41.96
35.11
35.09
34.95
35.09
40.00
47.63
57.26
64.96
44.57
38.03
38.00
35.00
34.94
34.91
33.97
33.90
33.06
34.44
25.00
33.90
36.12
35.33
42.60
46.61
37.31
35.00
34.61
35.15
44.35
47.83
56.70
69.70
56.01
39.21
35.93
34.99
34.94
34.90
33.71
32.99
35.00
39.50
37.97
40.24
45.11
44.91
47.75
49.70
38.00
36.55
35.98
45.01
64.98
62.00
59.05
71.20
44.00
37.65
35.57
34.65
33.68
33.48
29.77
29.53
33.68
37.47
41.23
45.02
54.70
49.37
46.57
39.98
37.59
36.33
35.55
44.60
55.14
55.00
56.85
68.56
42.37
35.76
37.49
34.47
34.29
33.80
33.65
33.80
34.96
42.07
43.05
52.70
58.09
50.92
42.03
37.73
35.73
35.35
36.00
42.99
50.13
50.00
48.01
61.73
43.58
35.98
37.48
34.92
34.24
33.95
33.81
33.95
35.12
44.23
42.06
57.60
57.55
43.64
36.04
35.59
35.00
34.70
34.93
42.55
51.19
50.50
48.62
63.68
42.57
35.07
37.76
34.99
34.50
32.74
32.55
32.74
35.00
41.55
42.00
50.81
55.94
46.08
43.19
39.62
35.05
34.74
34.74
39.42
44.67
43.39
46.45
48.43
41.03
35.43
38.82
35.48
33.94
23.41
18.48
18.02
25.53
26.35
29.25
33.00
36.52
51.68
46.08
36.11
32.85
32.85
32.85
35.06
40.97
41.23
50.28
67.34
42.56
35.05
35.96
37.90
34.96
32.69
29.78
30.00
31.72
32.97
30.00
40.90
39.70
40.00
40.98
42.66
38.36
35.93
37.06
44.70
49.70
50.01
60.02
69.91
43.34
34.00
36.42
35.45
34.95
33.83
32.48
33.18
34.95
42.09
38.07
50.69
59.92
52.58
47.86
44.97
39.20
38.51
38.52
50.00
61.70
59.29
67.84
62.97
42.09
36.00
36.45
35.43
34.97
34.42
33.64
33.64
35.26
41.40
43.01
47.92
53.00
46.67
44.94
40.67
36.05
35.42
36.82
49.06
54.70
56.59
69.97
69.29
44.26
37.55
40.00
35.94
35.47
34.75
33.94
33.95
34.57
41.06
44.07
51.96
55.99
50.27
52.92
51.00
44.90
38.56
37.80
49.07
56.90
56.02
61.98
59.90
42.58
37.92
40.00
35.42
33.96
33.45
33.35
33.42
35.01
41.57
43.03
52.00
54.06
43.38
42.98
40.33
38.59
37.56
36.52
41.92
50.50
50.91
65.00
60.01
43.01
37.04
37.43
34.60
33.56
33.56
33.55
33.55
33.96
40.48
44.02
50.35
53.50
44.96
46.00
42.00
37.18
35.04
35.09
38.50
48.00
49.08
60.76
50.00
42.06
37.97
38.96
37.00
34.55
33.29
32.86
32.77
33.05
34.04
33.29
41.00
49.54
49.48
43.85
35.91
35.07
34.35
34.77
38.93
43.70
49.71
65.00
56.94
38.57
41.01
41.04
40.84
35.04
34.00
33.27
33.27
33.27
33.27
32.99
35.96
38.00
46.95
43.50
42.98
37.41
34.61
34.32
39.94
43.33
48.31
70.50
65.66
41.07
38.99
35.98
32.97
32.93
32.90
31.95
31.93
32.99
40.00
41.54
45.50
49.79
47.58
45.80
42.09
37.60
36.47
36.06
44.00
55.06
59.56
76.62
57.99
40.33
36.00
37.02
33.92
33.51
33.51
32.74
32.74
33.91
38.45
43.08
51.29
55.01
47.34
43.00
39.04
37.06
36.02
35.10
38.60
43.80
54.00
74.88
55.00
42.05
37.90
36.44
33.74
33.29
33.01
32.43
32.58
33.81
41.07
45.00
55.47
56.03
45.00
40.33
38.08
36.09
35.22
35.38
42.29
46.00
57.00
79.70
54.92
43.03
36.50
40.72
34.44
33.95
32.47
29.95
28.94
31.15
39.07
45.90
46.04
44.46
38.55
36.04
35.54
35.39
35.03
35.34
42.86
43.33
50.00
82.50
59.65
43.52
37.05
39.35
34.91
33.99
33.64
33.64
33.98
35.06
40.24
43.45
53.51
49.92
39.49
41.00
38.58
38.00
35.58
35.26
42.27
54.06
70.04
87.70
53.49
41.51
40.06
42.06
37.91
34.94
33.91
33.43
33.11
33.84
35.92
36.68
49.70
59.01
49.27
41.30
34.18
33.56
33.11
33.50
35.33
39.87
49.44
80.06
49.44
39.73
41.01
37.94
35.94
33.75
33.35
32.11
30.97
32.48
33.35
32.96
35.48
42.90
43.96
44.71
42.51
39.08
35.42
35.22
41.08
44.09
56.01
87.05
55.96
40.73
38.73
37.75
34.19
33.49
33.35
33.35
33.19
34.15
40.56
43.00
53.37
57.02
48.00
42.05
39.97
36.53
35.08
36.00
42.01
49.45
59.93
85.83
46.18
40.05
36.43
34.43
31.94
29.90
28.99
30.02
30.93
33.03
38.52
42.05
49.41
50.09
42.05
41.01
39.95
35.53
35.00
35.09
42.00
49.36
61.01
87.69
48.00
37.99
33.80
34.95
33.48
31.97
30.98
30.05
30.48
33.42
41.89
42.38
52.00
51.44
39.96
40.40
38.02
34.58
34.40
34.28
39.94
41.99
60.00
83.26
41.99
41.38
38.00
38.00
33.91
33.48
33.31
32.95
32.92
34.47
42.95
45.01
54.07
48.97
38.32
34.60
34.56
34.00
33.97
34.06
39.09
39.30
57.02
80.01
37.91
46.00
36.81
37.19
35.11
34.26
32.93
30.97
31.00
34.41
39.52
45.01
54.78
54.19
40.74
37.97
34.22
34.20
33.55
33.55
34.20
37.97
58.38
79.92
38.70
39.96
37.89
39.53
35.45
34.89
33.72
32.48
32.47
33.10
35.43
34.45
39.59
54.97
52.08
40.41
38.13
33.10
32.97
32.91
33.22
42.50
50.29
75.98
39.40
38.66
39.62
39.05
37.47
36.02
34.00
33.00
32.44
32.89
34.00
32.50
35.00
46.07
45.33
42.00
39.97
33.66
33.25
33.43
38.99
38.27
47.26
74.91
40.73
37.00
34.33
35.91
28.80
29.73
25.43
25.25
24.05
30.43
38.09
41.57
46.30
46.97
43.52
41.82
39.94
33.90
33.90
33.16
39.96
46.36
57.99
70.00
43.48
41.53
35.60
39.20
31.97
31.70
27.98
26.58
26.42
34.92
46.06
41.98
48.72
48.71
38.99
41.23
38.05
34.61
33.96
33.96
45.95
48.08
64.38
73.37
41.33
41.57
37.60
38.59
35.59
34.91
33.59
27.95
26.71
33.02
37.98
41.32
51.74
51.33
39.99
41.01
34.62
33.92
33.59
33.59
42.77
37.78
59.97
79.94
43.25
40.70
33.89
35.24
33.13
33.03
33.51
33.02
33.02
33.99
40.00
42.97
53.93
49.29
41.01
38.33
36.66
36.47
36.07
35.91
39.00
41.97
69.92
84.98
42.00
42.01
39.03
38.72
34.06
34.06
33.60
33.27
33.08
33.67
39.93
46.37
59.99
49.63
40.21
38.07
36.56
34.54
34.31
34.61
38.50
40.92
62.67
71.33
39.73
41.51
39.91
42.59
37.18
35.27
31.92
31.25
30.84
31.10
35.28
40.07
59.60
48.94
44.33
38.33
36.58
33.57
33.06
33.30
34.96
36.58
59.93
68.50
36.55
36.52
33.98
41.94
34.90
30.92
29.95
28.11
26.96
28.11
32.64
28.79
37.99
35.27
37.93
44.89
46.02
35.18
35.00
35.03
38.58
36.57
61.00
85.00
38.00
37.00
32.52
40.00
33.92
34.54
34.54
32.06
31.52
32.00
38.00
43.55
51.54
50.25
39.00
39.01
37.04
35.26
35.03
36.53
39.04
41.83
73.70
83.05
37.08
38.00
36.53
37.90
33.02
32.02
30.92
30.52
30.86
33.64
39.37
41.63
51.62
50.08
39.24
37.02
35.96
34.06
34.04
36.55
39.00
41.26
64.92
64.94
38.50
41.04
35.99
37.93
32.00
32.98
29.99
26.18
27.97
33.59
42.04
42.46
51.48
49.54
45.95
40.24
36.67
35.01
34.57
36.57
38.67
41.05
61.53
65.70
38.91
40.53
37.19
38.00
33.09
34.31
34.31
34.01
31.12
34.24
41.05
45.00
47.45
45.75
43.66
43.29
42.60
37.04
36.59
37.05
38.57
41.97
58.88
53.00
39.09
41.06
37.73
36.94
32.65
33.43
33.41
29.23
30.36
37.07
41.00
43.03
50.25
47.79
45.45
41.71
38.02
35.74
35.74
36.51
39.81
43.20
56.94
55.89
38.57
39.75
36.01
37.59
35.00
36.07
34.99
34.70
32.94
31.95
34.53
38.09
39.92
42.10
43.10
48.02
37.08
34.31
34.13
34.13
34.85
42.76
84.20
62.96
37.48
40.52
39.57
39.00
35.92
36.50
34.97
33.53
30.00
33.34
36.96
35.42
34.86
35.00
41.93
45.00
48.00
39.95
34.86
35.86
43.01
48.94
85.08
66.10
34.96
40.01
37.50
35.93
32.09
33.53
34.22
33.34
33.34
35.01
43.10
47.63
50.04
45.61
44.66
43.09
42.80
41.31
41.45
41.09
40.67
48.06
90.09
62.92
38.91
43.06
37.00
37.82
32.53
33.22
32.80
31.53
31.38
33.22
45.04
48.29
47.63
45.05
43.23
40.10
38.68
39.10
38.10
38.31
38.86
43.27
95.01
65.00
39.01
42.51
37.02
40.05
32.24
32.24
28.99
25.80
27.19
32.72
42.04
48.91
47.94
44.07
42.46
39.23
37.62
37.02
37.27
37.08
38.12
41.46
79.92
56.69
39.10
37.70
35.41
40.02
32.55
32.45
25.06
20.03
26.19
31.82
39.88
40.82
45.42
48.21
40.11
38.41
36.61
36.12
35.76
36.85
38.01
40.13
78.91
64.95
40.61
41.05
37.93
41.97
34.58
34.27
34.15
32.30
32.40
34.75
42.86
48.54
55.96
54.35
40.46
37.54
34.86
34.61
34.08
33.70
35.24
39.29
78.07
61.22
37.91
40.39
36.46
39.92
36.98
36.08
33.78
29.26
29.17
30.94
33.94
33.35
40.52
49.52
48.57
42.00
34.38
34.05
33.74
33.45
34.62
39.19
74.02
48.64
34.78
37.40
37.03
44.96
35.72
34.60
33.18
30.07
27.98
29.17
33.74
81.97
37.18
35.96
42.06
50.00
48.48
41.02
41.05
37.03
33.60
39.23
65.97
68.93
43.05
34.93
39.79
33.33
37.00
36.96
34.91
33.75
32.30
32.12
33.90
40.10
38.30
38.00
47.72
36.75
36.59
40.06
37.08
36.54
34.09
37.70
83.92
64.99
59.58
36.05
36.80
34.00
35.05
34.43
34.27
31.91
30.73
30.73
32.77
40.59
37.48
44.05
45.18
39.60
38.50
38.02
36.98
37.05
35.07
39.86
76.99
62.57
45.33
39.92
40.53
35.00
34.94
34.38
34.00
33.40
32.40
31.13
34.20
39.87
38.16
40.70
40.70
43.31
40.79
41.65
38.04
37.51
36.56
42.64
82.00
55.53
41.93
40.93
39.55
34.50
33.92
33.01
32.95
31.92
25.38
25.15
31.79
37.72
39.57
40.17
39.68
39.20
38.07
38.30
38.96
39.05
38.46
45.55
69.98
50.99
48.81
42.99
42.00
37.08
37.03
35.30
33.96
32.40
25.50
25.78
30.14
37.05
39.00
42.06
42.84
41.07
39.18
37.07
36.60
36.57
34.09
38.47
67.88
47.84
37.09
37.03
39.09
34.24
35.99
33.98
37.05
31.99
29.93
22.00
27.94
33.96
32.93
34.99
38.65
39.31
38.30
40.82
42.00
40.08
34.55
39.64
74.92
54.84
38.51
39.68
42.00
38.02
38.52
36.01
35.00
31.94
28.67
27.58
28.91
32.36
32.03
37.00
40.02
37.91
38.64
42.65
44.35
36.82
33.35
39.90
75.00
54.95
38.68
39.58
40.03
34.02
35.30
33.13
32.29
29.00
27.93
27.91
30.00
36.94
35.30
40.99
44.06
40.98
39.95
42.52
41.62
41.00
34.89
40.20
80.00
60.00
64.95
42.53
36.13
34.60
34.58
33.98
32.40
30.23
28.78
28.36
31.01
36.90
37.52
38.65
42.21
36.50
38.74
41.05
39.59
36.27
35.57
41.23
89.18
58.70
44.95
35.24
38.01
35.07
36.06
35.96
34.04
32.33
28.05
26.96
32.39
37.37
39.02
39.40
39.40
34.58
35.32
39.38
40.37
38.41
38.33
59.93
167.91
125.04
48.26
38.69
39.45
38.00
36.92
35.93
32.93
25.21
22.08
23.15
29.06
36.36
38.02
38.28
39.00
35.06
35.00
35.07
35.00
35.99
36.91
43.49
93.36
53.91
35.57
35.59
37.74
35.00
40.02
40.00
37.93
33.16
30.80
25.38
28.83
38.06
40.55
40.01
37.23
35.07
36.06
35.00
33.98
32.99
32.14
41.07
74.99
49.62
36.58
40.55
41.07
33.10
36.64
34.61
34.01
29.97
27.91
22.71
23.90
33.95
33.06
38.53
45.53
42.99
42.01
38.08
32.30
31.51
30.98
35.00
75.00
56.86
33.00
34.05
38.10
37.54
34.90
37.71
33.93
29.07
26.50
21.22
26.50
23.97
29.30
31.53
35.29
38.12
35.99
42.43
34.79
32.11
30.95
35.92
78.31
49.64
34.67
32.55
31.85
29.13
29.92
29.00
27.84
18.43
16.51
15.94
25.81
37.95
34.26
37.33
38.66
36.09
35.79
34.79
37.93
34.59
32.50
38.80
80.00
57.68
40.00
36.59
33.98
27.02
35.51
31.43
25.94
16.16
15.01
18.70
23.88
38.58
34.93
34.27
36.29
35.99
37.28
42.05
37.95
37.05
32.71
43.90
75.00
53.00
40.03
40.59
35.92
31.58
35.97
35.98
36.93
28.49
20.00
20.00
30.06
39.60
34.94
38.02
43.56
36.82
37.08
39.37
34.10
33.50
32.04
43.07
85.00
43.08
35.55
35.08
36.58
31.89
32.95
32.00
31.18
19.91
24.60
24.60
32.96
42.49
41.39
46.90
43.99
39.64
35.61
33.91
34.02
31.76
32.32
44.15
78.88
42.92
44.96
37.71
37.06
30.43
33.75
28.97
29.13
19.39
17.48
20.95
26.30
41.02
34.55
36.99
39.47
34.90
33.32
31.53
29.99
30.00
26.30
39.92
83.79
44.42
39.30
32.94
33.85
25.03
33.04
31.91
28.00
22.50
19.34
20.52
24.04
31.97
29.89
35.97
36.43
39.99
39.96
41.08
37.99
36.47
34.01
36.94
84.92
42.93
34.72
38.12
31.60
33.06
37.06
38.57
39.50
27.96
22.04
15.04
18.76
23.03
20.00
26.99
32.21
33.96
36.05
45.07
40.06
40.72
32.00
39.00
81.08
47.11
36.05
35.05
34.08
28.97
31.02
31.40
27.96
23.63
15.00
15.89
25.00
39.98
34.55
33.95
38.00
37.04
37.03
37.00
34.55
31.56
31.93
37.60
86.01
43.92
49.99
38.00
37.03
32.00
32.97
32.97
31.23
25.95
22.00
21.89
26.00
38.92
32.81
35.36
36.52
36.36
38.72
42.09
38.40
34.48
32.70
47.30
89.71
47.02
40.19
38.04
35.00
30.54
32.40
32.30
31.42
20.67
17.95
22.25
29.93
38.09
37.45
38.79
40.46
35.43
33.09
32.92
33.92
32.99
31.93
45.50
80.07
46.70
35.14
34.94
34.53
29.80
34.03
30.95
24.29
21.98
18.06
19.97
26.28
37.94
34.83
38.90
40.44
35.95
36.03
35.32
35.43
33.87
32.61
45.92
79.90
54.93
45.93
39.60
39.56
33.97
39.95
36.27
32.02
28.94
26.43
25.99
29.01
37.94
35.00
49.34
49.92
44.97
38.00
33.53
32.47
32.14
32.26
44.67
79.91
46.59
36.04
39.01
37.53
30.11
38.55
34.76
31.92
25.06
23.02
19.92
23.23
35.46
30.70
34.26
39.52
40.02
38.02
37.07
35.06
33.50
32.86
35.56
89.70
46.99
35.55
39.28
39.01
32.96
35.60
34.57
34.57
33.47
29.53
28.31
28.65
31.14
25.96
33.61
35.59
35.64
39.97
42.02
43.06
40.01
33.62
44.20
87.92
47.01
39.90
36.58
37.19
34.32
34.00
32.44
30.00
24.91
24.00
27.42
35.54
48.16
48.99
48.98
44.92
42.69
42.90
42.69
40.86
42.81
48.19
78.67
125.55
74.34
53.41
44.75
41.02
35.04
32.54
30.70
30.70
29.62
27.96
27.99
35.50
41.55
39.06
38.54
45.92
44.98
44.52
43.78
40.54
43.12
35.53
46.31
77.06
51.02
44.69
37.25
37.65
33.64
33.95
30.95
26.99
24.71
21.54
26.45
33.94
42.02
39.05
37.83
38.90
39.86
42.20
42.61
39.88
36.19
35.95
43.96
76.41
49.20
41.43
38.52
37.72
34.56
33.97
32.50
32.50
27.95
22.78
24.49
35.95
44.23
40.54
40.34
41.62
42.99
39.26
38.78
41.17
44.41
44.46
57.69
68.04
53.49
42.98
39.73
38.09
33.99
33.71
32.92
29.94
24.21
23.37
26.69
31.82
39.54
39.59
44.46
44.09
40.79
36.99
36.07
36.94
36.32
38.07
44.09
58.13
45.30
43.61
38.07
36.42
31.90
39.99
33.96
36.53
27.94
19.10
19.78
24.05
27.51
26.50
44.03
43.05
42.02
41.28
35.07
34.97
33.72
31.29
40.15
81.46
50.06
35.47
37.52
36.02
31.90
35.66
30.48
27.24
24.55
17.02
16.82
20.68
24.55
18.22
28.41
35.38
41.58
40.88
44.90
36.57
34.56
32.00
42.07
71.50
49.93
37.22
40.55
38.01
31.91
28.37
27.91
27.58
25.07
24.54
24.55
36.04
40.09
40.56
45.00
46.89
43.93
38.70
38.10
37.36
30.58
30.10
44.00
80.00
49.91
46.30
40.54
40.01
35.41
40.00
40.01
40.01
34.54
32.00
25.24
32.84
38.98
45.08
50.00
43.08
33.84
33.65
33.44
33.10
33.04
33.29
46.38
73.00
47.89
38.86
40.00
36.85
33.08
31.92
32.15
29.98
24.30
22.96
24.49
31.72
39.42
39.02
40.69
37.84
37.34
38.63
33.48
37.57
39.42
37.22
49.05
78.87
52.85
65.49
47.24
38.05
37.29
40.07
34.80
34.48
32.76
29.98
27.93
32.75
39.06
39.90
42.96
44.08
37.96
40.34
38.88
36.01
34.97
34.44
54.91
78.30
40.93
43.17
36.99
40.01
34.74
39.93
33.78
31.29
17.40
12.18
16.90
23.40
38.02
37.84
49.34
49.42
37.79
32.04
31.97
30.93
30.90
30.98
44.35
79.00
43.95
40.74
37.91
37.92
36.11
39.00
33.56
29.97
17.96
13.34
14.23
18.46
24.99
23.98
31.18
48.65
47.20
43.64
35.19
34.66
34.70
28.97
44.94
75.99
49.96
38.08
36.99
33.51
29.13
40.00
34.41
31.99
22.60
8.77
7.59
13.24
17.00
23.00
35.00
37.56
43.01
35.49
40.00
40.00
35.39
25.33
38.00
70.04
62.60
54.91
50.07
34.49
34.03
45.00
45.00
43.00
30.99
17.82
19.34
28.51
44.95
36.81
42.78
41.93
39.91
36.97
36.61
33.71
33.87
37.24
60.00
75.00
40.00
48.70
39.28
34.66
26.61
33.65
30.98
30.12
17.24
17.24
18.76
21.53
35.08
36.91
43.89
45.00
37.00
35.27
40.23
37.17
37.01
32.36
46.73
68.00
44.47
45.04
38.40
39.05
33.83
34.90
32.12
31.98
27.15
25.00
25.90
32.91
44.72
45.07
46.62
47.13
37.91
33.56
33.86
34.05
34.04
34.07
48.88
61.12
49.45
40.02
38.03
36.03
33.01
30.98
30.93
30.93
23.64
20.98
26.80
33.96
39.00
40.08
39.19
37.77
40.08
41.17
38.24
35.12
34.96
35.07
50.08
59.08
43.87
40.01
38.50
38.59
36.39
34.45
32.53
32.61
30.92
25.07
26.17
31.97
39.05
42.68
43.30
41.29
37.69
35.82
33.62
32.95
32.49
32.54
50.03
59.91
40.10
39.08
37.01
36.40
35.27
33.92
30.99
31.98
31.00
27.91
28.07
31.98
35.00
34.42
37.54
44.01
45.00
48.00
40.99
34.99
32.09
31.90
45.55
78.57
44.73
35.00
36.94
36.57
36.02
36.02
35.00
34.56
32.00
31.67
25.00
29.93
34.56
30.66
35.66
34.36
37.17
42.22
42.00
38.00
35.01
32.10
44.95
78.24
45.43
40.00
36.97
36.56
36.03
38.00
31.67
32.91
30.49
28.00
22.10
29.98
39.06
40.03
42.69
43.37
41.57
39.62
39.00
35.92
35.33
35.98
47.96
84.09
45.00
45.00
38.50
36.73
36.26
34.39
32.95
33.37
31.12
29.08
26.00
30.90
37.23
38.84
40.96
39.90
39.33
38.43
36.50
35.00
35.32
35.96
43.61
65.00
42.89
38.85
37.09
36.20
30.26
32.97
30.94
30.01
26.99
26.91
22.92
29.59
37.09
37.49
38.60
35.59
33.99
34.42
33.91
35.00
35.00
33.29
46.38
68.00
44.39
37.15
36.81
36.25
32.67
35.39
34.20
38.03
30.98
28.90
17.60
30.91
37.03
35.99
36.98
37.94
35.16
35.61
37.61
36.21
33.28
32.53
44.18
67.00
41.93
37.03
39.00
37.03
34.19
33.00
32.54
32.47
32.45
16.92
19.96
27.49
35.07
32.99
36.47
40.95
30.49
37.45
33.69
29.97
29.93
29.71
42.58
60.00
40.74
39.32
33.74
33.43
30.50
34.01
32.93
32.93
28.97
14.57
13.46
15.51
24.58
22.70
34.05
37.00
35.15
43.98
39.62
31.90
30.00
27.00
39.70
65.08
41.23
37.00
34.38
34.65
32.62
33.06
32.00
31.00
31.01
20.04
7.00
9.00
9.00
12.00
20.00
34.00
35.00
36.00
39.07
37.07
35.01
30.93
42.11
66.00
43.00
34.76
38.08
37.01
33.72
32.00
29.99
29.91
13.50
9.96
12.49
20.52
37.59
33.00
35.12
39.48
35.91
38.94
40.01
31.50
30.97
30.40
36.59
62.54
46.00
36.07
37.08
34.53
33.12
36.02
34.93
33.37
14.00
5.73
8.87
15.91
31.98
27.98
30.85
34.70
35.09
40.00
37.94
32.01
30.36
32.01
39.00
58.12
42.21
33.91
33.98
29.99
27.96
33.38
32.70
36.90
24.90
5.00
10.01
20.09
32.67
31.28
33.88
36.07
35.94
34.94
32.00
32.00
36.09
29.73
39.97
58.00
40.27
34.97
34.63
32.50
27.49
32.86
27.62
13.00
10.97
7.55
7.54
10.43
22.98
28.00
30.01
36.92
41.46
35.99
32.01
30.01
27.99
29.19
34.12
62.04
42.55
34.10
33.90
33.58
32.34
28.54
20.12
15.66
10.04
4.71
8.80
11.38
24.25
15.00
27.60
42.35
40.01
40.01
54.00
54.00
40.00
38.00
34.95
31.92
24.95
38.80
35.00
26.00
17.87
26.00
25.00
21.92
9.98
4.90
3.99
6.83
5.26
14.98
21.73
30.00
32.26
38.05
44.30
38.00
33.00
30.04
39.98
59.00
50.99
35.98
36.01
33.41
30.65
28.60
32.00
28.02
24.00
18.00
14.91
18.71
17.85
13.37
25.00
40.00
38.64
40.00
45.00
40.76
30.88
29.46
44.01
61.00
47.00
30.34
34.00
34.87
34.54
35.52
30.99
29.95
24.93
15.00
15.86
19.60
24.98
27.92
29.78
35.00
39.04
40.00
45.00
39.09
30.25
28.01
34.92
65.09
45.00
42.41
30.94
33.23
33.59
30.92
30.92
33.00
32.91
27.00
27.92
35.90
31.00
23.06
29.70
37.15
40.01
41.00
37.00
32.91
27.98
30.07
39.47
63.91
37.93
37.00
30.99
33.35
32.30
30.01
21.58
17.82
13.00
11.52
15.00
17.12
21.10
31.97
27.59
32.01
34.90
34.90
34.90
36.82
34.92
30.68
38.67
66.45
40.85
37.68
38.01
37.09
33.56
40.00
40.01
45.00
44.06
44.09
25.90
25.92
26.79
29.17
29.91
44.00
40.00
32.43
31.03
30.86
30.60
25.00
39.93
65.00
39.94
31.00
37.03
37.55
33.03
30.00
]