nCycles:115
nMaxIntervals:14
Duration:15

Height:[
 0.989624 1.022415 0.918728 0.810307 0.839811 0.885941 0.786317 0.650960 0.662055 0.722458 0.636424 0.486348 0.481533 0.557278 0.498818 0.350524 0.332025 0.423234 0.408338 0.281689 0.251836 0.352652 0.387863 0.297297 0.257219 0.352708 0.426443 0.372328 0.321112 0.397109 0.492682 0.468247 0.404705 0.455367 0.562729 0.561288 0.485085 0.511297 0.626238 0.642115 0.554198 0.560272 0.680479 0.708487 0.611299 0.602132 0.724283 0.759777 0.657068 0.635903 0.754507 0.793924 0.690195 0.657465 0.765273 0.806762 0.706648 0.660156 0.749571 0.793273 0.701239 0.637593 0.702340 0.750207 0.670854 0.587680 0.624044 0.679420 0.618608 0.517250 0.524830 0.591931 0.558614 0.447190 0.429361 0.512334 0.519232 0.414312 0.378291 0.477907 0.534883 0.455076 0.409085 0.517400 0.618614 0.570896 0.519493 0.622199 0.748037 0.727567 0.671932 0.755924 0.886500 0.886204 0.826297 0.881888 1.002878 1.017671 0.952925 0.973482 1.076172 1.102928 1.032489 1.014506 1.094729 1.131285 1.054557 0.998079 1.055044 1.099461 1.016858 0.925623 0.960694 1.010933 0.924750
]

nIntervals:[
14 14 13 13 13 14 13 12 12 13 12 10 10 12 11 9 9 10 10 8 7 9 10 8 7 9 10 9 8 10 11 10 9 10 11 11 10 10 12 12 11 11 12 12 11 11 12 13 12 11 13 13 12 12 13 13 12 12 12 13 12 11 12 13 12 11 12 12 12 11 11 12 11 10 10 11 11 10 9 11 11 10 10 11 12 11 11 12 13 13 12 12 14 13 13 13 14 14 13 13 14 14 14 14 14 14 14 14 14 14 14 13 14 14 13
]