 Cycle Period  BidPrice Bid Volumes
   191      1         1        0.00
   191      1         2        0.00
   191      1         3        0.00
   191      1         4        0.00
   191      2         1        0.00
   191      2         2        0.00
   191      2         3        0.00
   191      2         4        0.00
   191      3         1        0.00
   191      3         2        0.00
   191      3         3        0.00
   191      3         4        0.00
   191      4         1        0.00
   191      4         2        0.00
   191      4         3        0.00
   191      4         4        0.00
   191      5         1        0.00
   191      5         2        0.00
   191      5         3        0.00
   191      5         4        0.00
   191      6         1        0.00
   191      6         2        0.00
   191      6         3        0.00
   191      6         4        0.00
   191      7         1        0.00
   191      7         2        0.00
   191      7         3        0.00
   191      7         4        0.00
   191      8         1        0.00
   191      8         2        0.00
   191      8         3        0.00
   191      8         4        0.00
   191      9         1        0.00
   191      9         2        0.00
   191      9         3        0.00
   191      9         4        0.00
   191     10         1        0.00
   191     10         2        0.00
   191     10         3        0.00
   191     10         4       19.75
   191     11         1        0.00
   191     11         2        0.00
   191     11         3        0.00
   191     11         4       31.71
   191     12         1        0.00
   191     12         2        0.00
   191     12         3        0.00
   191     12         4       23.68
   645      1         1        0.00
   645      1         2        0.00
   645      1         3        0.00
   645      1         4        0.00
   645      2         1        0.00
   645      2         2        0.00
   645      2         3        0.00
   645      2         4        0.00
   645      3         1        0.00
   645      3         2        0.00
   645      3         3        0.00
   645      3         4        0.00
   645      4         1        0.00
   645      4         2        0.00
   645      4         3        0.00
   645      4         4        0.00
   645      5         1        0.00
   645      5         2        0.00
   645      5         3        0.00
   645      5         4        0.00
   645      6         1        0.00
   645      6         2        0.00
   645      6         3        0.00
   645      6         4        0.00
   645      7         1        0.00
   645      7         2        0.00
   645      7         3        0.00
   645      7         4        0.00
   645      8         1        0.00
   645      8         2        0.00
   645      8         3        0.00
   645      8         4        0.00
   645      9         1        0.00
   645      9         2        0.00
   645      9         3        0.00
   645      9         4        0.00
   645     10         1        0.00
   645     10         2        0.00
   645     10         3        0.00
   645     10         4       22.77
   645     11         1       21.60
   645     11         2       24.64
   645     11         3       13.56
   645     11         4       24.47
   645     12         1       11.54
   645     12         2       18.52
   645     12         3        0.00
   645     12         4       27.13
  1108      1         1        0.00
  1108      1         2        0.00
  1108      1         3        0.00
  1108      1         4        0.00
  1108      2         1        0.00
  1108      2         2        0.00
  1108      2         3        0.00
  1108      2         4        0.00
  1108      3         1        0.00
  1108      3         2        0.00
  1108      3         3        0.00
  1108      3         4        0.00
  1108      4         1        0.00
  1108      4         2        0.00
  1108      4         3        0.00
  1108      4         4        0.00
  1108      5         1        0.00
  1108      5         2        0.00
  1108      5         3        0.00
  1108      5         4        0.00
  1108      6         1        0.00
  1108      6         2        0.00
  1108      6         3        0.00
  1108      6         4        0.00
  1108      7         1        0.00
  1108      7         2        0.00
  1108      7         3        0.00
  1108      7         4        0.00
  1108      8         1        0.00
  1108      8         2        0.00
  1108      8         3        0.00
  1108      8         4        0.00
  1108      9         1       23.26
  1108      9         2       23.26
  1108      9         3       23.26
  1108      9         4       26.30
  1108     10         1        0.00
  1108     10         2        0.00
  1108     10         3        9.98
  1108     10         4       24.76
  1108     11         1        0.00
  1108     11         2        0.00
  1108     11         3       29.72
  1108     11         4       12.84
  1108     12         1        0.00
  1108     12         2        0.00
  1108     12         3        0.00
  1108     12         4        0.00
   197      1         1        0.00
   197      1         2        0.00
   197      1         3        0.00
   197      1         4        0.00
   197      2         1        0.00
   197      2         2        0.00
   197      2         3        0.00
   197      2         4        0.00
   197      3         1        0.00
   197      3         2        0.00
   197      3         3        0.00
   197      3         4        0.00
   197      4         1        0.00
   197      4         2        0.00
   197      4         3        0.00
   197      4         4        0.00
   197      5         1        0.00
   197      5         2        0.00
   197      5         3        0.00
   197      5         4        0.00
   197      6         1        0.00
   197      6         2        0.00
   197      6         3        0.00
   197      6         4        0.00
   197      7         1        0.00
   197      7         2        0.00
   197      7         3        0.00
   197      7         4        0.00
   197      8         1        0.00
   197      8         2        0.00
   197      8         3        0.00
   197      8         4        0.00
   197      9         1       41.13
   197      9         2        0.00
   197      9         3        0.00
   197      9         4        0.00
   197     10         1        0.00
   197     10         2       31.05
   197     10         3        0.00
   197     10         4        0.00
   197     11         1       31.11
   197     11         2       33.25
   197     11         3       30.15
   197     11         4        0.00
   197     12         1        0.00
   197     12         2        0.00
   197     12         3       33.83
   197     12         4        0.00
   648      1         1        0.00
   648      1         2        0.00
   648      1         3        0.00
   648      1         4        0.00
   648      2         1        0.00
   648      2         2        0.00
   648      2         3        0.00
   648      2         4        0.00
   648      3         1        0.00
   648      3         2        0.00
   648      3         3        0.00
   648      3         4        0.00
   648      4         1        0.00
   648      4         2        0.00
   648      4         3        0.00
   648      4         4        0.00
   648      5         1        0.00
   648      5         2        0.00
   648      5         3        0.00
   648      5         4        0.00
   648      6         1        0.00
   648      6         2        0.00
   648      6         3        0.00
   648      6         4        0.00
   648      7         1        0.00
   648      7         2        0.00
   648      7         3        0.00
   648      7         4        0.00
   648      8         1        0.00
   648      8         2        0.00
   648      8         3        0.00
   648      8         4        0.00
   648      9         1        0.00
   648      9         2        0.00
   648      9         3        0.00
   648      9         4        0.00
   648     10         1        0.00
   648     10         2        0.00
   648     10         3        0.00
   648     10         4        0.00
   648     11         1        0.00
   648     11         2        0.00
   648     11         3        0.00
   648     11         4        0.00
   648     12         1        0.00
   648     12         2        0.00
   648     12         3        0.00
   648     12         4        0.00
  1111      1         1        0.00
  1111      1         2        0.00
  1111      1         3        0.00
  1111      1         4        0.00
  1111      2         1        0.00
  1111      2         2        0.00
  1111      2         3        0.00
  1111      2         4        0.00
  1111      3         1        0.00
  1111      3         2        0.00
  1111      3         3        0.00
  1111      3         4        0.00
  1111      4         1        0.00
  1111      4         2        0.00
  1111      4         3        0.00
  1111      4         4        0.00
  1111      5         1        0.00
  1111      5         2        0.00
  1111      5         3        0.00
  1111      5         4        0.00
  1111      6         1        0.00
  1111      6         2        0.00
  1111      6         3        0.00
  1111      6         4        0.00
  1111      7         1        0.00
  1111      7         2        0.00
  1111      7         3        0.00
  1111      7         4        0.00
  1111      8         1        0.00
  1111      8         2        0.00
  1111      8         3        0.00
  1111      8         4        0.00
  1111      9         1        0.00
  1111      9         2        0.00
  1111      9         3        0.00
  1111      9         4        0.00
  1111     10         1       41.53
  1111     10         2       19.54
  1111     10         3        7.24
  1111     10         4       36.02
  1111     11         1       34.52
  1111     11         2       23.82
  1111     11         3       31.96
  1111     11         4        0.00
  1111     12         1        0.00
  1111     12         2       24.54
  1111     12         3       20.53
  1111     12         4       25.93
   636      1         1        0.00
   636      1         2        0.00
   636      1         3        0.00
   636      1         4        0.00
   636      2         1        0.00
   636      2         2        0.00
   636      2         3        0.00
   636      2         4        0.00
   636      3         1        0.00
   636      3         2        0.00
   636      3         3        0.00
   636      3         4        0.00
   636      4         1        0.00
   636      4         2        0.00
   636      4         3        0.00
   636      4         4        0.00
   636      5         1        0.00
   636      5         2        0.00
   636      5         3        0.00
   636      5         4        0.00
   636      6         1        0.00
   636      6         2        0.00
   636      6         3        0.00
   636      6         4        0.00
   636      7         1        0.00
   636      7         2        0.00
   636      7         3        0.00
   636      7         4        0.00
   636      8         1        0.00
   636      8         2        0.00
   636      8         3        0.00
   636      8         4        0.00
   636      9         1        0.00
   636      9         2        0.00
   636      9         3       38.69
   636      9         4        0.00
   636     10         1        0.00
   636     10         2        0.00
   636     10         3       33.26
   636     10         4        0.00
   636     11         1       21.93
   636     11         2        0.00
   636     11         3       31.70
   636     11         4       31.70
  1105      1         1        0.00
  1105      1         2        0.00
  1105      1         3        0.00
  1105      1         4        0.00
  1105      2         1        0.00
  1105      2         2        0.00
  1105      2         3        0.00
  1105      2         4        0.00
  1105      3         1        0.00
  1105      3         2        0.00
  1105      3         3        0.00
  1105      3         4        0.00
  1105      4         1        0.00
  1105      4         2        0.00
  1105      4         3        0.00
  1105      4         4        0.00
  1105      5         1        0.00
  1105      5         2        0.00
  1105      5         3        0.00
  1105      5         4        0.00
  1105      6         1        0.00
  1105      6         2        0.00
  1105      6         3        0.00
  1105      6         4        0.00
  1105      7         1        0.00
  1105      7         2        0.00
  1105      7         3        0.00
  1105      7         4        0.00
  1105      8         1        0.00
  1105      8         2        0.00
  1105      8         3        0.00
  1105      8         4        0.00
  1105      9         1        0.00
  1105      9         2        0.00
  1105      9         3        0.00
  1105      9         4        0.00
  1105     10         1        0.00
  1105     10         2        0.00
  1105     10         3        0.00
  1105     10         4        0.00
  1105     11         1        0.00
  1105     11         2        0.00
  1105     11         3        0.00
  1105     11         4        0.00
  1105     12         1        0.00
  1105     12         2        0.00
  1105     12         3       18.05
  1105     12         4        0.00
