 Cycle Period  Scenario   Power Gen   #Turbines
   191      1         1        0.00           0
   191      1         2        0.00           0
   191      1         3        0.00           0
   191      1         4        0.00           0
   191      1         5        0.00           0
   191      1         6        0.00           0
   191      1         7        0.00           0
   191      1         8        0.00           0
   191      1         9        0.00           0
   191      1        10        0.00           0
   191      1        11        0.00           0
   191      1        12        0.00           0
   191      1        13        0.00           0
   191      1        14        0.00           0
   191      1        15        0.00           0
   191      2         1        0.00           0
   191      2         2        0.00           0
   191      2         3        0.00           0
   191      2         4        0.00           0
   191      2         5        0.00           0
   191      2         6        0.00           0
   191      2         7        0.00           0
   191      2         8        0.00           0
   191      2         9        0.00           0
   191      2        10        0.00           0
   191      2        11        0.00           0
   191      2        12        0.00           0
   191      2        13        0.00           0
   191      2        14        0.00           0
   191      2        15        0.00           0
   191      3         1        0.00           0
   191      3         2        0.00           0
   191      3         3        0.00           0
   191      3         4        0.00           0
   191      3         5        0.00           0
   191      3         6        0.00           0
   191      3         7        0.00           0
   191      3         8        0.00           0
   191      3         9        0.00           0
   191      3        10        0.00           0
   191      3        11        0.00           0
   191      3        12        0.00           0
   191      3        13        0.00           0
   191      3        14        0.00           0
   191      3        15        0.00           0
   191      4         1        0.00           0
   191      4         2        0.00           0
   191      4         3        0.00           0
   191      4         4        0.00           0
   191      4         5        0.00           0
   191      4         6        0.00           0
   191      4         7        0.00           0
   191      4         8        0.00           0
   191      4         9        0.00           0
   191      4        10        0.00           0
   191      4        11        0.00           0
   191      4        12        0.00           0
   191      4        13        0.00           0
   191      4        14        0.00           0
   191      4        15        0.00           0
   191      5         1        0.00           0
   191      5         2        0.00           0
   191      5         3        0.00           0
   191      5         4        0.00           0
   191      5         5        0.00           0
   191      5         6        0.00           0
   191      5         7        0.00           0
   191      5         8        0.00           0
   191      5         9        0.00           0
   191      5        10        0.00           0
   191      5        11        0.00           0
   191      5        12        0.00           0
   191      5        13        0.00           0
   191      5        14        0.00           0
   191      5        15        0.00           0
   191      6         1        0.00           0
   191      6         2        0.00           0
   191      6         3        0.00           0
   191      6         4        0.00           0
   191      6         5        0.00           0
   191      6         6        0.00           0
   191      6         7        0.00           0
   191      6         8        0.00           0
   191      6         9        0.00           0
   191      6        10        0.00           0
   191      6        11        0.00           0
   191      6        12        0.00           0
   191      6        13        0.00           0
   191      6        14        0.00           0
   191      6        15        0.00           0
   191      7         1        0.00           0
   191      7         2        0.00           0
   191      7         3        0.00           0
   191      7         4        0.00           0
   191      7         5        0.00           0
   191      7         6        0.00           0
   191      7         7        0.00           0
   191      7         8        0.00           0
   191      7         9        0.00           0
   191      7        10        0.00           0
   191      7        11        0.00           0
   191      7        12        0.00           0
   191      7        13        7.18           1
   191      7        14        0.00           0
   191      7        15        0.00           0
   191      8         1        0.00           0
   191      8         2        0.00           0
   191      8         3        0.00           0
   191      8         4        0.00           0
   191      8         5        0.00           0
   191      8         6        0.00           0
   191      8         7        0.00           0
   191      8         8        0.00           0
   191      8         9        0.00           0
   191      8        10        0.00           0
   191      8        11        0.00           0
   191      8        12        0.00           0
   191      8        13        0.00           0
   191      8        14        0.00           0
   191      8        15        0.00           0
   191      9         1        0.00           0
   191      9         2        0.00           0
   191      9         3        0.00           0
   191      9         4        0.00           0
   191      9         5        0.00           0
   191      9         6        0.00           0
   191      9         7        0.00           0
   191      9         8        0.00           0
   191      9         9        0.00           0
   191      9        10        0.00           0
   191      9        11        0.00           0
   191      9        12       22.02           2
   191      9        13        0.00           0
   191      9        14        0.00           0
   191      9        15       22.02           2
   191     10         1       39.49           2
   191     10         2       39.49           2
   191     10         3       68.04           2
   191     10         4       68.04           2
   191     10         5       68.04           2
   191     10         6       68.04           2
   191     10         7       68.04           2
   191     10         8       68.04           2
   191     10         9       68.04           2
   191     10        10       68.04           2
   191     10        11       68.04           2
   191     10        12       59.02           2
   191     10        13       25.18           1
   191     10        14       68.04           2
   191     10        15       59.02           2
   191     11         1       63.41           2
   191     11         2       63.41           2
   191     11         3       55.07           2
   191     11         4       55.07           2
   191     11         5       55.07           2
   191     11         6       55.07           2
   191     11         7       55.07           2
   191     11         8       55.07           2
   191     11         9       55.07           2
   191     11        10       55.07           2
   191     11        11       55.07           2
   191     11        12       46.28           2
   191     11        13       63.41           2
   191     11        14       55.07           2
   191     11        15       46.28           2
   191     12         1       47.35           2
   191     12         2       47.35           2
   191     12         3       40.77           2
   191     12         4       40.77           2
   191     12         5       40.77           2
   191     12         6       28.54           2
   191     12         7       40.77           2
   191     12         8       40.77           2
   191     12         9       40.77           2
   191     12        10       40.77           2
   191     12        11       40.77           2
   191     12        12       33.85           2
   191     12        13       47.35           2
   191     12        14       28.54           2
   191     12        15       33.85           2
   645      1         1        0.00           0
   645      1         2        0.00           0
   645      1         3        0.00           0
   645      1         4        0.00           0
   645      1         5        0.00           0
   645      1         6        0.00           0
   645      1         7        0.00           0
   645      1         8        0.00           0
   645      1         9        0.00           0
   645      1        10        0.00           0
   645      1        11        0.00           0
   645      1        12        0.00           0
   645      1        13        0.00           0
   645      1        14        0.00           0
   645      1        15        0.00           0
   645      2         1        0.00           0
   645      2         2        0.00           0
   645      2         3        0.00           0
   645      2         4        0.00           0
   645      2         5        0.00           0
   645      2         6        0.00           0
   645      2         7        0.00           0
   645      2         8        0.00           0
   645      2         9        0.00           0
   645      2        10        0.00           0
   645      2        11        0.00           0
   645      2        12        0.00           0
   645      2        13        0.00           0
   645      2        14        0.00           0
   645      2        15        0.00           0
   645      3         1        0.00           0
   645      3         2        0.00           0
   645      3         3        0.00           0
   645      3         4        0.00           0
   645      3         5        0.00           0
   645      3         6        0.00           0
   645      3         7        0.00           0
   645      3         8        0.00           0
   645      3         9        0.00           0
   645      3        10        0.00           0
   645      3        11        0.00           0
   645      3        12        0.00           0
   645      3        13        0.00           0
   645      3        14        0.00           0
   645      3        15        0.00           0
   645      4         1        0.00           0
   645      4         2        0.00           0
   645      4         3        0.00           0
   645      4         4        0.00           0
   645      4         5        0.00           0
   645      4         6        0.00           0
   645      4         7        0.00           0
   645      4         8        0.00           0
   645      4         9        0.00           0
   645      4        10        0.00           0
   645      4        11        0.00           0
   645      4        12        0.00           0
   645      4        13        0.00           0
   645      4        14        0.00           0
   645      4        15        0.00           0
   645      5         1        0.00           0
   645      5         2        0.00           0
   645      5         3        0.00           0
   645      5         4        0.00           0
   645      5         5        0.00           0
   645      5         6        0.00           0
   645      5         7        0.00           0
   645      5         8        0.00           0
   645      5         9        0.00           0
   645      5        10        0.00           0
   645      5        11        0.00           0
   645      5        12        0.00           0
   645      5        13        0.00           0
   645      5        14        0.00           0
   645      5        15        0.00           0
   645      6         1        0.00           0
   645      6         2        0.00           0
   645      6         3        0.00           0
   645      6         4        0.00           0
   645      6         5        0.00           0
   645      6         6        0.00           0
   645      6         7        0.00           0
   645      6         8        0.00           0
   645      6         9        0.00           0
   645      6        10        0.00           0
   645      6        11        0.00           0
   645      6        12       -0.00           0
   645      6        13        0.00           0
   645      6        14        0.00           0
   645      6        15        0.00           0
   645      7         1        0.00           0
   645      7         2        0.00           0
   645      7         3        0.00           0
   645      7         4        0.00           0
   645      7         5        0.00           0
   645      7         6        0.00           0
   645      7         7        0.00           0
   645      7         8        0.00           0
   645      7         9        0.00           0
   645      7        10        0.00           0
   645      7        11        0.00           0
   645      7        12        0.00           0
   645      7        13        0.00           0
   645      7        14        0.00           0
   645      7        15        0.00           0
   645      8         1        0.00           0
   645      8         2        0.00           0
   645      8         3        0.00           0
   645      8         4        0.00           0
   645      8         5        0.00           0
   645      8         6        0.00           0
   645      8         7        0.00           0
   645      8         8        8.86           1
   645      8         9        0.00           0
   645      8        10        0.00           0
   645      8        11        0.00           0
   645      8        12        0.00           0
   645      8        13        0.00           0
   645      8        14        0.00           0
   645      8        15        8.86           1
   645      9         1       21.37           2
   645      9         2       21.37           2
   645      9         3        0.00           0
   645      9         4        0.00           0
   645      9         5        0.00           0
   645      9         6       10.69           1
   645      9         7        0.00           0
   645      9         8        9.90           1
   645      9         9        0.00           0
   645      9        10        0.00           0
   645      9        11        0.00           0
   645      9        12       10.69           1
   645      9        13       10.69           1
   645      9        14       10.69           1
   645      9        15        0.00           0
   645     10         1       56.82           2
   645     10         2       56.82           2
   645     10         3       66.13           2
   645     10         4        0.00           0
   645     10         5       33.07           1
   645     10         6       61.68           2
   645     10         7       66.13           2
   645     10         8       56.82           2
   645     10         9       45.40           2
   645     10        10       66.13           2
   645     10        11       66.13           2
   645     10        12       61.68           2
   645     10        13       61.68           2
   645     10        14       61.68           2
   645     10        15       61.68           2
   645     11         1       44.48           2
   645     11         2       44.48           2
   645     11         3       52.81           2
   645     11         4       57.25           2
   645     11         5       43.82           2
   645     11         6       48.31           2
   645     11         7       52.81           2
   645     11         8       44.48           2
   645     11         9       59.03           2
   645     11        10       52.81           2
   645     11        11       52.81           2
   645     11        12       48.31           2
   645     11        13       48.31           2
   645     11        14       48.31           2
   645     11        15       33.53           2
   645     12         1       23.07           2
   645     12         2       32.52           2
   645     12         3       39.08           2
   645     12         4       63.41           2
   645     12         5       54.16           2
   645     12         6       35.54           2
   645     12         7       39.08           2
   645     12         8       32.52           2
   645     12         9       43.99           2
   645     12        10       39.08           2
   645     12        11       39.08           2
   645     12        12       35.54           2
   645     12        13       35.54           2
   645     12        14       35.54           2
   645     12        15       40.17           2
  1108      1         1        0.00           0
  1108      1         2        0.00           0
  1108      1         3        0.00           0
  1108      1         4        0.00           0
  1108      1         5        0.00           0
  1108      1         6        0.00           0
  1108      1         7        0.00           0
  1108      1         8        0.00           0
  1108      1         9        0.00           0
  1108      1        10        0.00           0
  1108      1        11        0.00           0
  1108      1        12        0.00           0
  1108      1        13        0.00           0
  1108      1        14        0.00           0
  1108      1        15        0.00           0
  1108      2         1        0.00           0
  1108      2         2        0.00           0
  1108      2         3        0.00           0
  1108      2         4        0.00           0
  1108      2         5        0.00           0
  1108      2         6        0.00           0
  1108      2         7        0.00           0
  1108      2         8        0.00           0
  1108      2         9        0.00           0
  1108      2        10        0.00           0
  1108      2        11        0.00           0
  1108      2        12        0.00           0
  1108      2        13        0.00           0
  1108      2        14        0.00           0
  1108      2        15        0.00           0
  1108      3         1        0.00           0
  1108      3         2        0.00           0
  1108      3         3        0.00           0
  1108      3         4        0.00           0
  1108      3         5        0.00           0
  1108      3         6        0.00           0
  1108      3         7        0.00           0
  1108      3         8        0.00           0
  1108      3         9        0.00           0
  1108      3        10        0.00           0
  1108      3        11        0.00           0
  1108      3        12        0.00           0
  1108      3        13        0.00           0
  1108      3        14        0.00           0
  1108      3        15        0.00           0
  1108      4         1        0.00           0
  1108      4         2        0.00           0
  1108      4         3        0.00           0
  1108      4         4        0.00           0
  1108      4         5        0.00           0
  1108      4         6        0.00           0
  1108      4         7        0.00           0
  1108      4         8        0.00           0
  1108      4         9        0.00           0
  1108      4        10        0.00           0
  1108      4        11        0.00           0
  1108      4        12        0.00           0
  1108      4        13        0.00           0
  1108      4        14        0.00           0
  1108      4        15        0.00           0
  1108      5         1        0.00           0
  1108      5         2        0.00           0
  1108      5         3        0.00           0
  1108      5         4        0.00           0
  1108      5         5        0.00           0
  1108      5         6        0.00           0
  1108      5         7        0.00           0
  1108      5         8        0.00           0
  1108      5         9        0.00           0
  1108      5        10        0.00           0
  1108      5        11        0.00           0
  1108      5        12        0.00           0
  1108      5        13        0.00           0
  1108      5        14        0.00           0
  1108      5        15        0.00           0
  1108      6         1        0.00           0
  1108      6         2        0.00           0
  1108      6         3        0.00           0
  1108      6         4        0.00           0
  1108      6         5        0.00           0
  1108      6         6        0.00           0
  1108      6         7        0.00           0
  1108      6         8        0.00           0
  1108      6         9        0.00           0
  1108      6        10        0.00           0
  1108      6        11        0.00           0
  1108      6        12        0.00           0
  1108      6        13        0.00           0
  1108      6        14        0.00           0
  1108      6        15        0.00           0
  1108      7         1        0.00           0
  1108      7         2        0.00 2.84217e-13
  1108      7         3        0.00           0
  1108      7         4        0.00           0
  1108      7         5        0.00           0
  1108      7         6        0.00           0
  1108      7         7        0.00           0
  1108      7         8        0.00           0
  1108      7         9        0.00           0
  1108      7        10        0.00           0
  1108      7        11        0.00           0
  1108      7        12        0.00           0
  1108      7        13        0.00           0
  1108      7        14        0.00           0
  1108      7        15        0.00           0
  1108      8         1        0.00           0
  1108      8         2       20.96           2
  1108      8         3       10.48           1
  1108      8         4        0.00           0
  1108      8         5        0.00           0
  1108      8         6       20.96           2
  1108      8         7       20.96           2
  1108      8         8        0.00           0
  1108      8         9       20.96           2
  1108      8        10        0.00           0
  1108      8        11        0.00           0
  1108      8        12        0.00           0
  1108      8        13        0.00           0
  1108      8        14       20.96           2
  1108      8        15        0.00           0
  1108      9         1       67.77           2
  1108      9         2       58.70           2
  1108      9         3       63.54           2
  1108      9         4       46.52           2
  1108      9         5       67.77           2
  1108      9         6       58.70           2
  1108      9         7       58.70           2
  1108      9         8       49.96           2
  1108      9         9       58.70           2
  1108      9        10       49.96           2
  1108      9        11       49.96           2
  1108      9        12       46.52           2
  1108      9        13       46.52           2
  1108      9        14       58.70           2
  1108      9        15       46.52           2
  1108     10         1       58.18           2
  1108     10         2       49.46           2
  1108     10         3       36.85           2
  1108     10         4       64.28           2
  1108     10         5       58.18           2
  1108     10         6       49.46           2
  1108     10         7       49.46           2
  1108     10         8       31.70           1
  1108     10         9       49.46           2
  1108     10        10       63.41           2
  1108     10        11       43.53           2
  1108     10        12       27.83           2
  1108     10        13       64.28           2
  1108     10        14       49.46           2
  1108     10        15       64.28           2
  1108     11         1       46.94           2
  1108     11         2       28.07           2
  1108     11         3       48.28           2
  1108     11         4       52.07           2
  1108     11         5       46.94           2
  1108     11         6       40.07           2
  1108     11         7       40.07           2
  1108     11         8       62.15           2
  1108     11         9       40.07           2
  1108     11        10       51.06           2
  1108     11        11       57.29           2
  1108     11        12       63.41           2
  1108     11        13       52.07           2
  1108     11        14       40.07           2
  1108     11        15       52.07           2
  1108     12         1       24.94           2
  1108     12         2       33.68           2
  1108     12         3       36.39           2
  1108     12         4       39.38           2
  1108     12         5       35.34           2
  1108     12         6       29.92           2
  1108     12         7       29.92           2
  1108     12         8       47.33           2
  1108     12         9       21.35           2
  1108     12        10       38.59           2
  1108     12        11       43.50           2
  1108     12        12       48.32           2
  1108     12        13       39.38           2
  1108     12        14       29.92           2
  1108     12        15       39.38           2
   197      1         1        0.00           0
   197      1         2        0.00           0
   197      1         3        0.00           0
   197      1         4        0.00           0
   197      1         5        0.00           0
   197      1         6        0.00           0
   197      1         7        0.00           0
   197      1         8        0.00           0
   197      1         9        0.00           0
   197      1        10        0.00           0
   197      1        11        0.00           0
   197      1        12        0.00           0
   197      1        13        0.00           0
   197      1        14        0.00           0
   197      1        15        0.00           0
   197      2         1        0.00           0
   197      2         2        0.00           0
   197      2         3        0.00           0
   197      2         4        0.00           0
   197      2         5        0.00           0
   197      2         6        0.00           0
   197      2         7        0.00           0
   197      2         8        0.00           0
   197      2         9        0.00           0
   197      2        10        0.00           0
   197      2        11        0.00           0
   197      2        12        0.00           0
   197      2        13        0.00           0
   197      2        14        0.00           0
   197      2        15        0.00           0
   197      3         1        0.00           0
   197      3         2        0.00           0
   197      3         3        0.00           0
   197      3         4        0.00           0
   197      3         5        0.00           0
   197      3         6        0.00           0
   197      3         7        0.00           0
   197      3         8        0.00           0
   197      3         9        0.00           0
   197      3        10        0.00           0
   197      3        11        0.00           0
   197      3        12        0.00           0
   197      3        13        0.00           0
   197      3        14        0.00           0
   197      3        15        0.00           0
   197      4         1        0.00           0
   197      4         2        0.00           0
   197      4         3        0.00           0
   197      4         4        0.00           0
   197      4         5        0.00           0
   197      4         6        0.00           0
   197      4         7        0.00           0
   197      4         8        0.00           0
   197      4         9        0.00           0
   197      4        10        0.00           0
   197      4        11        0.00           0
   197      4        12        0.00           0
   197      4        13        0.00           0
   197      4        14        0.00           0
   197      4        15        0.00           0
   197      5         1        0.00           0
   197      5         2        0.00           0
   197      5         3        0.00           0
   197      5         4        0.00           0
   197      5         5        0.00           0
   197      5         6        0.00           0
   197      5         7        0.00           0
   197      5         8        4.88           1
   197      5         9        0.00           0
   197      5        10        0.00           0
   197      5        11        0.00           0
   197      5        12        0.00           0
   197      5        13        0.00           0
   197      5        14        0.00           0
   197      5        15        0.00           0
   197      6         1        0.00           0
   197      6         2        0.00           0
   197      6         3        0.00           0
   197      6         4        0.00           0
   197      6         5        0.00           0
   197      6         6        0.00           0
   197      6         7        0.00           0
   197      6         8        0.00           0
   197      6         9        0.00           0
   197      6        10        0.00           0
   197      6        11        0.00           0
   197      6        12        0.00           0
   197      6        13        0.00           0
   197      6        14        0.00           0
   197      6        15        0.00           0
   197      7         1        0.00           0
   197      7         2        0.00           0
   197      7         3       -0.00           0
   197      7         4        0.00           0
   197      7         5        0.00           0
   197      7         6        0.00           0
   197      7         7        0.00           0
   197      7         8        0.00           0
   197      7         9        0.00           0
   197      7        10        0.00           0
   197      7        11        0.00           0
   197      7        12        0.00           0
   197      7        13        0.00           0
   197      7        14        0.00           0
   197      7        15        0.00           0
   197      8         1        0.00           0
   197      8         2        0.00           0
   197      8         3       12.72           1
   197      8         4       12.72           1
   197      8         5        0.00           0
   197      8         6        0.00           0
   197      8         7        0.00           0
   197      8         8        0.00           0
   197      8         9       12.72           1
   197      8        10        0.00           0
   197      8        11        0.00           0
   197      8        12        0.00           0
   197      8        13        0.00           0
   197      8        14        0.00           0
   197      8        15        0.00           0
   197      9         1       82.25           2
   197      9         2       41.13           1
   197      9         3       78.03           2
   197      9         4       78.03           2
   197      9         5       82.25           2
   197      9         6        0.00           0
   197      9         7        0.00           0
   197      9         8       74.26           2
   197      9         9       74.26           2
   197      9        10       82.25           2
   197      9        11        0.00           0
   197      9        12       67.40           2
   197      9        13        0.00           0
   197      9        14       41.13           1
   197      9        15        0.00           0
   197     10         1       51.18           2
   197     10         2       85.21           2
   197     10         3       71.34           2
   197     10         4       71.34           2
   197     10         5       39.87           2
   197     10         6       94.86           2
   197     10         7       94.86           2
   197     10         8       72.36           2
   197     10         9       72.36           2
   197     10        10       75.57           2
   197     10        11       94.86           2
   197     10        12       58.25           2
   197     10        13       94.86           2
   197     10        14       85.21           2
   197     10        15       94.86           2
   197     11         1       65.76           2
   197     11         2       76.26           2
   197     11         3       62.22           2
   197     11         4       62.22           2
   197     11         5       75.30           2
   197     11         6       85.91           2
   197     11         7       85.91           2
   197     11         8       63.41           2
   197     11         9       63.41           2
   197     11        10       66.61           2
   197     11        11       85.91           2
   197     11        12       75.30           2
   197     11        13       85.91           2
   197     11        14       76.26           2
   197     11        15       68.58           2
   197     12         1       63.41           2
   197     12         2       64.36           2
   197     12         3       48.80           2
   197     12         4       48.80           2
   197     12         5       63.41           2
   197     12         6       74.01           2
   197     12         7       74.01           2
   197     12         8       49.73           2
   197     12         9       49.73           2
   197     12        10       53.41           2
   197     12        11       74.01           2
   197     12        12       63.41           2
   197     12        13       56.68           2
   197     12        14       64.36           2
   197     12        15       78.73           2
   648      1         1        0.00           0
   648      1         2        0.00           0
   648      1         3        0.00           0
   648      1         4        0.00           0
   648      1         5        0.00           0
   648      1         6        0.00           0
   648      1         7        0.00           0
   648      1         8        0.00           0
   648      1         9        0.00           0
   648      1        10        0.00           0
   648      1        11        0.00           0
   648      1        12        0.00           0
   648      1        13        0.00           0
   648      1        14        0.00           0
   648      1        15        0.00           0
   648      2         1        0.00           0
   648      2         2        0.00           0
   648      2         3        0.00           0
   648      2         4        0.00           0
   648      2         5        0.00           0
   648      2         6        0.00           0
   648      2         7        0.00           0
   648      2         8        0.00           0
   648      2         9        0.00           0
   648      2        10        0.00           0
   648      2        11        0.00           0
   648      2        12        0.00           0
   648      2        13        0.00           0
   648      2        14        0.00           0
   648      2        15        0.00           0
   648      3         1        0.00           0
   648      3         2        0.00           0
   648      3         3        0.00           0
   648      3         4        0.00           0
   648      3         5        0.00           0
   648      3         6        0.00           0
   648      3         7        0.00           0
   648      3         8        0.00           0
   648      3         9        0.00           0
   648      3        10        0.00           0
   648      3        11        0.00           0
   648      3        12        0.00           0
   648      3        13        0.00           0
   648      3        14        0.00           0
   648      3        15        0.00           0
   648      4         1        0.00           0
   648      4         2        0.00           0
   648      4         3        0.00           0
   648      4         4        0.00           0
   648      4         5        0.00           0
   648      4         6        0.00           0
   648      4         7        0.00           0
   648      4         8        0.00           0
   648      4         9        0.00           0
   648      4        10        0.00           0
   648      4        11        0.00           0
   648      4        12        0.00           0
   648      4        13        0.00           0
   648      4        14        0.00           0
   648      4        15        0.00           0
   648      5         1        0.00           0
   648      5         2        0.00           0
   648      5         3        0.00           0
   648      5         4        0.00           0
   648      5         5        0.00           0
   648      5         6        0.00           0
   648      5         7        0.00           0
   648      5         8        0.00           0
   648      5         9        0.00           0
   648      5        10        0.00           0
   648      5        11        0.00           0
   648      5        12        0.00           0
   648      5        13        0.00           0
   648      5        14        0.00           0
   648      5        15        0.00           0
   648      6         1        0.00           0
   648      6         2        0.00           0
   648      6         3        0.00           0
   648      6         4        0.00           0
   648      6         5        0.00           0
   648      6         6        0.00           0
   648      6         7        0.00           0
   648      6         8        0.00           0
   648      6         9        0.00           0
   648      6        10        0.00           0
   648      6        11        0.00           0
   648      6        12        0.00           0
   648      6        13        0.00           0
   648      6        14        0.00           0
   648      6        15        0.00           0
   648      7         1        0.00           0
   648      7         2        0.00           0
   648      7         3        0.00           0
   648      7         4        0.00           0
   648      7         5        0.00           0
   648      7         6        0.00           0
   648      7         7        0.00           0
   648      7         8        0.00           0
   648      7         9        0.00           0
   648      7        10        0.00           0
   648      7        11        0.00           0
   648      7        12        0.00           0
   648      7        13        0.00           0
   648      7        14        0.00           0
   648      7        15        0.00           0
   648      8         1        0.00           0
   648      8         2        0.00           0
   648      8         3        0.00           0
   648      8         4        0.00           0
   648      8         5        0.00           0
   648      8         6        0.00           0
   648      8         7        0.00           0
   648      8         8        0.00           0
   648      8         9        0.00           0
   648      8        10        0.00           0
   648      8        11        0.00           0
   648      8        12        0.00           0
   648      8        13        0.00           0
   648      8        14        0.00           0
   648      8        15        0.00           0
   648      9         1        0.00           0
   648      9         2        0.00           0
   648      9         3        0.00           0
   648      9         4        0.00           0
   648      9         5        0.00           0
   648      9         6        0.00           0
   648      9         7        0.00           0
   648      9         8        0.00           0
   648      9         9        0.00           0
   648      9        10        0.00           0
   648      9        11        0.00           0
   648      9        12        0.00           0
   648      9        13        0.00           0
   648      9        14        0.00           0
   648      9        15        0.00           0
   648     10         1        0.00           0
   648     10         2        0.00           0
   648     10         3        0.00           0
   648     10         4        0.00           0
   648     10         5        0.00           0
   648     10         6        0.00           0
   648     10         7        0.00           0
   648     10         8        0.00           0
   648     10         9        0.00           0
   648     10        10        0.00           0
   648     10        11        0.00           0
   648     10        12        0.00           0
   648     10        13        0.00           0
   648     10        14        0.00           0
   648     10        15        0.00           0
   648     11         1        0.00           0
   648     11         2        0.00           0
   648     11         3        0.00           0
   648     11         4        0.00           0
   648     11         5        0.00           0
   648     11         6        0.00           0
   648     11         7        0.00           0
   648     11         8        0.00           0
   648     11         9        0.00           0
   648     11        10        0.00           0
   648     11        11        0.00           0
   648     11        12        0.00           0
   648     11        13        0.00           0
   648     11        14        0.00           0
   648     11        15        0.00           0
   648     12         1        0.00           0
   648     12         2        0.00           0
   648     12         3        0.00           0
   648     12         4        0.00           0
   648     12         5        0.00           0
   648     12         6        0.00           0
   648     12         7        0.00           0
   648     12         8        0.00           0
   648     12         9        0.00           0
   648     12        10        0.00           0
   648     12        11        0.00           0
   648     12        12        0.00           0
   648     12        13        0.00           0
   648     12        14        0.00           0
   648     12        15        0.00           0
  1111      1         1        0.00           0
  1111      1         2        0.00           0
  1111      1         3        0.00           0
  1111      1         4        0.00           0
  1111      1         5        0.00           0
  1111      1         6        0.00           0
  1111      1         7        0.00           0
  1111      1         8        0.00           0
  1111      1         9        0.00           0
  1111      1        10        0.00           0
  1111      1        11        0.00           0
  1111      1        12        0.00           0
  1111      1        13        0.00           0
  1111      1        14        0.00           0
  1111      1        15        0.00           0
  1111      2         1        0.00           0
  1111      2         2        0.00           0
  1111      2         3        0.00           0
  1111      2         4        0.00           0
  1111      2         5        0.00           0
  1111      2         6        0.00           0
  1111      2         7        0.00           0
  1111      2         8        0.00           0
  1111      2         9        0.00           0
  1111      2        10        0.00           0
  1111      2        11        0.00           0
  1111      2        12        0.00           0
  1111      2        13        0.00           0
  1111      2        14        0.00           0
  1111      2        15        0.00           0
  1111      3         1        0.00           0
  1111      3         2        0.00           0
  1111      3         3        0.00           0
  1111      3         4        0.00           0
  1111      3         5        0.00           0
  1111      3         6        0.00           0
  1111      3         7        0.00           0
  1111      3         8        0.00           0
  1111      3         9        0.00           0
  1111      3        10        0.00           0
  1111      3        11        0.00           0
  1111      3        12        0.00           0
  1111      3        13        0.00           0
  1111      3        14        0.00           0
  1111      3        15        0.00           0
  1111      4         1        0.00           0
  1111      4         2        0.00           0
  1111      4         3        0.00           0
  1111      4         4        0.00           0
  1111      4         5        0.00           0
  1111      4         6        0.00           0
  1111      4         7        0.00           0
  1111      4         8        0.00           0
  1111      4         9        0.00           0
  1111      4        10        0.00           0
  1111      4        11        0.00           0
  1111      4        12        0.00           0
  1111      4        13        0.00           0
  1111      4        14        0.00           0
  1111      4        15        0.00           0
  1111      5         1        0.00           0
  1111      5         2        0.00           0
  1111      5         3        0.00           0
  1111      5         4        0.00           0
  1111      5         5        0.00           0
  1111      5         6        0.00           0
  1111      5         7        0.00           0
  1111      5         8        0.00           0
  1111      5         9        0.00           0
  1111      5        10        0.00           0
  1111      5        11        0.00           0
  1111      5        12        0.00           0
  1111      5        13        0.00           0
  1111      5        14        0.00           0
  1111      5        15        0.00           0
  1111      6         1        0.00           0
  1111      6         2        0.00           0
  1111      6         3        0.00           0
  1111      6         4        0.00           0
  1111      6         5        0.00           0
  1111      6         6        0.00           0
  1111      6         7        0.00           0
  1111      6         8        0.00           0
  1111      6         9        0.00           0
  1111      6        10        0.00           0
  1111      6        11        0.00           0
  1111      6        12        0.00           0
  1111      6        13        0.00           0
  1111      6        14        0.00           0
  1111      6        15        0.00           0
  1111      7         1        0.00           0
  1111      7         2        0.00           0
  1111      7         3        0.00           0
  1111      7         4        0.00           0
  1111      7         5        0.00           0
  1111      7         6        0.00           0
  1111      7         7        0.00           0
  1111      7         8        9.76           1
  1111      7         9        0.00           0
  1111      7        10        0.00           0
  1111      7        11        0.00           0
  1111      7        12        0.00           0
  1111      7        13        0.00           0
  1111      7        14        9.76           1
  1111      7        15        0.00           0
  1111      8         1        0.00           0
  1111      8         2       57.65           2
  1111      8         3        0.00           0
  1111      8         4       12.43           1
  1111      8         5        0.00           0
  1111      8         6        0.00           0
  1111      8         7        0.00           0
  1111      8         8        0.00           0
  1111      8         9       30.79           2
  1111      8        10        0.00           0
  1111      8        11        0.00           0
  1111      8        12        0.00           0
  1111      8        13        0.00           0
  1111      8        14       23.28           2
  1111      8        15       20.13           1
  1111      9         1       14.99           1
  1111      9         2       11.83           1
  1111      9         3        0.00           0
  1111      9         4       66.24           2
  1111      9         5        0.00           0
  1111      9         6       14.99           1
  1111      9         7       40.19           1
  1111      9         8       66.24           2
  1111      9         9       70.38           2
  1111      9        10       14.99           1
  1111      9        11       14.99           1
  1111      9        12       40.19           1
  1111      9        13        0.00           0
  1111      9        14       57.84           2
  1111      9        15       50.91           2
  1111     10         1       41.37           1
  1111     10         2       67.50           2
  1111     10         3       77.29           2
  1111     10         4       71.88           2
  1111     10         5       92.70           2
  1111     10         6       41.37           1
  1111     10         7       77.14           2
  1111     10         8       71.88           2
  1111     10         9       63.41           2
  1111     10        10       82.74           2
  1111     10        11       41.37           1
  1111     10        12       83.05           2
  1111     10        13       63.64           2
  1111     10        14       29.71           2
  1111     10        15       72.60           2
  1111     11         1       85.35           2
  1111     11         2       63.41           2
  1111     11         3       69.82           2
  1111     11         4       62.58           2
  1111     11         5       83.51           2
  1111     11         6       76.51           2
  1111     11         7       75.47           2
  1111     11         8       62.58           2
  1111     11         9       52.84           2
  1111     11        10       58.69           2
  1111     11        11       85.35           2
  1111     11        12       73.86           2
  1111     11        13       81.70           2
  1111     11        14       63.41           2
  1111     11        15       63.41           2
  1111     12         1       78.84           2
  1111     12         2       49.54           2
  1111     12         3       78.84           2
  1111     12         4       48.88           2
  1111     12         5       71.44           2
  1111     12         6       81.25           2
  1111     12         7       63.41           2
  1111     12         8       48.88           2
  1111     12         9       41.21           2
  1111     12        10       60.10           2
  1111     12        11       78.84           2
  1111     12        12       61.55           2
  1111     12        13       78.84           2
  1111     12        14       49.54           2
  1111     12        15       49.54           2
   636      1         1        0.00           0
   636      1         2        0.00           0
   636      1         3        0.00           0
   636      1         4        0.00           0
   636      1         5        0.00           0
   636      1         6        0.00           0
   636      1         7        0.00           0
   636      1         8        0.00           0
   636      1         9        0.00           0
   636      1        10        0.00           0
   636      1        11        0.00           0
   636      1        12        0.00           0
   636      1        13        0.00           0
   636      1        14        0.00           0
   636      1        15        0.00           0
   636      2         1        0.00           0
   636      2         2        0.00           0
   636      2         3        0.00           0
   636      2         4        0.00           0
   636      2         5        0.00           0
   636      2         6        0.00           0
   636      2         7        0.00           0
   636      2         8        0.00           0
   636      2         9        0.00           0
   636      2        10        0.00           0
   636      2        11        0.00           0
   636      2        12        0.00           0
   636      2        13        0.00           0
   636      2        14        0.00           0
   636      2        15        0.00           0
   636      3         1        0.00           0
   636      3         2        0.00           0
   636      3         3        0.00           0
   636      3         4        0.00           0
   636      3         5        0.00           0
   636      3         6        0.00           0
   636      3         7        0.00           0
   636      3         8        0.00           0
   636      3         9        0.00           0
   636      3        10        0.00           0
   636      3        11        0.00           0
   636      3        12        0.00           0
   636      3        13        0.00           0
   636      3        14        0.00           0
   636      3        15        0.00           0
   636      4         1        0.00           0
   636      4         2        2.98           1
   636      4         3        0.00           0
   636      4         4        0.00           0
   636      4         5        0.00           0
   636      4         6        0.00           0
   636      4         7        0.00           0
   636      4         8        0.00           0
   636      4         9        0.00           0
   636      4        10        0.00           0
   636      4        11        0.00           0
   636      4        12        0.00           0
   636      4        13        0.00           0
   636      4        14        0.00           0
   636      4        15        0.00           0
   636      5         1        0.00           0
   636      5         2        0.00           0
   636      5         3        0.00           0
   636      5         4        0.00           0
   636      5         5        0.00           0
   636      5         6        0.00           0
   636      5         7        0.00           0
   636      5         8        5.11           1
   636      5         9        0.00           0
   636      5        10        0.00           0
   636      5        11        0.00           0
   636      5        12        0.00           0
   636      5        13        0.00           0
   636      5        14        0.00           0
   636      5        15        0.00           0
   636      6         1        0.00           0
   636      6         2        0.00           0
   636      6         3        0.00           0
   636      6         4        0.00           0
   636      6         5        0.00           0
   636      6         6        0.00           0
   636      6         7        0.00           0
   636      6         8        0.00           0
   636      6         9        0.00           0
   636      6        10        0.00           0
   636      6        11        0.00           0
   636      6        12        0.00           0
   636      6        13        0.00           0
   636      6        14        0.00           0
   636      6        15        0.00           0
   636      7         1        0.00           0
   636      7         2        0.00           0
   636      7         3        0.00           0
   636      7         4        0.00           0
   636      7         5        0.00           0
   636      7         6        0.00           0
   636      7         7        0.00           0
   636      7         8        0.00           0
   636      7         9        0.00           0
   636      7        10        0.00           0
   636      7        11        0.00           0
   636      7        12        0.00           0
   636      7        13        0.00           0
   636      7        14        0.00           0
   636      7        15        0.00           0
   636      8         1        0.00           0
   636      8         2       65.63           2
   636      8         3        0.00           0
   636      8         4       13.03           1
   636      8         5       13.03           1
   636      8         6       26.06           2
   636      8         7       13.03           1
   636      8         8        0.00           0
   636      8         9       13.03           1
   636      8        10        0.00           0
   636      8        11       69.86           2
   636      8        12       26.06           2
   636      8        13       13.03           1
   636      8        14       47.96           2
   636      8        15        0.00           0
   636      9         1       57.48           2
   636      9         2       59.72           2
   636      9         3       57.48           2
   636      9         4       77.93           2
   636      9         5       77.93           2
   636      9         6       58.73           2
   636      9         7       79.50           2
   636      9         8       77.93           2
   636      9         9       35.61           1
   636      9        10        0.00           0
   636      9        11       64.43           2
   636      9        12       75.27           2
   636      9        13       77.93           2
   636      9        14       69.85           2
   636      9        15       67.56           2
   636     10         1       70.23           2
   636     10         2       52.38           2
   636     10         3       70.23           2
   636     10         4       72.86           2
   636     10         5       72.86           2
   636     10         6       72.19           2
   636     10         7       49.73           2
   636     10         8       72.86           2
   636     10         9       75.50           2
   636     10        10       95.96           2
   636     10        11       56.46           2
   636     10        12       68.21           2
   636     10        13       72.86           2
   636     10        14       62.69           2
   636     10        15       60.52           2
   636     11         1       75.86           2
   636     11         2       43.85           2
   636     11         3       75.86           2
   636     11         4       63.41           2
   636     11         5       63.41           2
   636     11         6       63.41           2
   636     11         7       68.40           2
   636     11         8       63.41           2
   636     11         9       75.86           2
   636     11        10       86.51           2
   636     11        11       47.07           2
   636     11        12       58.06           2
   636     11        13       63.41           2
   636     11        14       51.98           2
   636     11        15       75.86           2
  1105      1         1        0.00           0
  1105      1         2        0.00           0
  1105      1         3        0.00           0
  1105      1         4        0.00           0
  1105      1         5        0.00           0
  1105      1         6        0.00           0
  1105      1         7        0.00           0
  1105      1         8        0.00           0
  1105      1         9        0.00           0
  1105      1        10        0.00           0
  1105      1        11        0.00           0
  1105      1        12        0.00           0
  1105      1        13        0.00           0
  1105      1        14        0.00           0
  1105      1        15        0.00           0
  1105      2         1        0.00           0
  1105      2         2        0.00           0
  1105      2         3        0.00           0
  1105      2         4        0.00           0
  1105      2         5        0.00           0
  1105      2         6        0.00           0
  1105      2         7        0.00           0
  1105      2         8        0.00           0
  1105      2         9        0.00           0
  1105      2        10        0.00           0
  1105      2        11        0.00           0
  1105      2        12        0.00           0
  1105      2        13        0.00           0
  1105      2        14        0.00           0
  1105      2        15        0.00           0
  1105      3         1        0.00           0
  1105      3         2        0.00           0
  1105      3         3        0.00           0
  1105      3         4        0.00           0
  1105      3         5        0.00           0
  1105      3         6        0.00           0
  1105      3         7        0.00           0
  1105      3         8        0.00           0
  1105      3         9        0.00           0
  1105      3        10        0.00           0
  1105      3        11        0.00           0
  1105      3        12        0.00           0
  1105      3        13        0.00           0
  1105      3        14        0.00           0
  1105      3        15        0.00           0
  1105      4         1        0.00           0
  1105      4         2        0.00           0
  1105      4         3        0.00           0
  1105      4         4        0.00           0
  1105      4         5        0.00           0
  1105      4         6        0.00           0
  1105      4         7        0.00           0
  1105      4         8        0.00           0
  1105      4         9        0.00           0
  1105      4        10        0.00           0
  1105      4        11        0.00           0
  1105      4        12        0.00           0
  1105      4        13        0.00           0
  1105      4        14        0.00           0
  1105      4        15        0.00           0
  1105      5         1        0.00           0
  1105      5         2        0.00           0
  1105      5         3        0.00           0
  1105      5         4        0.00           0
  1105      5         5        0.00           0
  1105      5         6        0.00           0
  1105      5         7        0.00           0
  1105      5         8        0.00           0
  1105      5         9        0.00           0
  1105      5        10        0.00           0
  1105      5        11        0.00           0
  1105      5        12        0.00           0
  1105      5        13        0.00           0
  1105      5        14        0.00           0
  1105      5        15        0.00           0
  1105      6         1        0.00           0
  1105      6         2        0.00           0
  1105      6         3        0.00           0
  1105      6         4        0.00           0
  1105      6         5        0.00           0
  1105      6         6        0.00           0
  1105      6         7        0.00           0
  1105      6         8        0.00           0
  1105      6         9        0.00           0
  1105      6        10        0.00           0
  1105      6        11        0.00           0
  1105      6        12        0.00           0
  1105      6        13        0.00           0
  1105      6        14        0.00           0
  1105      6        15        0.00           0
  1105      7         1        0.00           0
  1105      7         2        0.00           0
  1105      7         3        0.00           0
  1105      7         4        0.00           0
  1105      7         5        0.00           0
  1105      7         6        0.00           0
  1105      7         7        0.00           0
  1105      7         8        0.00           0
  1105      7         9        0.00           0
  1105      7        10        0.00           0
  1105      7        11        0.00           0
  1105      7        12        0.00           0
  1105      7        13        0.00           0
  1105      7        14        0.00           0
  1105      7        15        0.00           0
  1105      8         1        0.00           0
  1105      8         2        0.00           0
  1105      8         3        0.00           0
  1105      8         4        0.00           0
  1105      8         5        0.00           0
  1105      8         6        0.00           0
  1105      8         7        0.00           0
  1105      8         8        8.98           1
  1105      8         9        8.98           1
  1105      8        10        0.00           0
  1105      8        11        0.00           0
  1105      8        12        0.00           0
  1105      8        13        0.00           0
  1105      8        14        0.00           0
  1105      8        15        0.00           0
  1105      9         1        0.00           0
  1105      9         2        0.00           0
  1105      9         3        0.00           0
  1105      9         4       21.64           2
  1105      9         5       10.82           1
  1105      9         6        0.00           0
  1105      9         7       10.82           1
  1105      9         8        0.00           0
  1105      9         9       10.03           1
  1105      9        10        0.00           0
  1105      9        11       10.82           1
  1105      9        12       10.82           1
  1105      9        13        0.00           0
  1105      9        14        0.00           0
  1105      9        15        0.00           0
  1105     10         1       66.84           2
  1105     10         2       66.84           2
  1105     10         3       33.47           2
  1105     10         4       39.70           2
  1105     10         5       62.49           2
  1105     10         6       66.84           2
  1105     10         7       62.49           2
  1105     10         8       62.49           2
  1105     10         9       57.63           2
  1105     10        10       33.47           2
  1105     10        11       62.49           2
  1105     10        12       62.49           2
  1105     10        13       66.84           2
  1105     10        14       66.84           2
  1105     10        15       66.84           2
  1105     11         1       53.49           2
  1105     11         2       53.49           2
  1105     11         3       63.41           2
  1105     11         4       50.61           2
  1105     11         5       48.82           2
  1105     11         6       53.49           2
  1105     11         7       48.82           2
  1105     11         8       48.82           2
  1105     11         9       44.99           2
  1105     11        10       63.41           2
  1105     11        11       48.82           2
  1105     11        12       48.82           2
  1105     11        13       53.49           2
  1105     11        14       53.49           2
  1105     11        15       53.49           2
  1105     12         1       39.36           2
  1105     12         2       39.36           2
  1105     12         3       47.19           2
  1105     12         4       37.10           2
  1105     12         5       35.69           2
  1105     12         6       39.36           2
  1105     12         7       35.69           2
  1105     12         8       35.69           2
  1105     12         9       32.67           2
  1105     12        10       47.19           2
  1105     12        11       35.69           2
  1105     12        12       35.69           2
  1105     12        13       39.36           2
  1105     12        14       39.36           2
  1105     12        15       39.36           2
