 Cycle Period  Scenario      SoldDA      SoldRT
   191      1         1        0.00        0.00
   191      1         2        0.00        0.00
   191      1         3        0.00        0.00
   191      1         4        0.00        0.00
   191      1         5        0.00        0.00
   191      1         6        0.00        0.00
   191      1         7        0.00        0.00
   191      1         8        0.00        0.00
   191      1         9        0.00        0.00
   191      1        10        0.00        0.00
   191      1        11        0.00        0.00
   191      1        12        0.00        0.00
   191      1        13        0.00        0.00
   191      1        14        0.00        0.00
   191      1        15        0.00        0.00
   191      2         1        0.00        0.00
   191      2         2        0.00        0.00
   191      2         3        0.00        0.00
   191      2         4        0.00        0.00
   191      2         5        0.00        0.00
   191      2         6        0.00        0.00
   191      2         7        0.00        0.00
   191      2         8        0.00        0.00
   191      2         9        0.00        0.00
   191      2        10        0.00        0.00
   191      2        11        0.00        0.00
   191      2        12        0.00        0.00
   191      2        13        0.00        0.00
   191      2        14        0.00        0.00
   191      2        15        0.00        0.00
   191      3         1        0.00        0.00
   191      3         2        0.00        0.00
   191      3         3        0.00        0.00
   191      3         4        0.00        0.00
   191      3         5        0.00        0.00
   191      3         6        0.00        0.00
   191      3         7        0.00        0.00
   191      3         8        0.00        0.00
   191      3         9        0.00        0.00
   191      3        10        0.00        0.00
   191      3        11        0.00        0.00
   191      3        12        0.00        0.00
   191      3        13        0.00        0.00
   191      3        14        0.00        0.00
   191      3        15        0.00        0.00
   191      4         1        0.00        0.00
   191      4         2        0.00        0.00
   191      4         3        0.00        0.00
   191      4         4        0.00        0.00
   191      4         5        0.00        0.00
   191      4         6        0.00        0.00
   191      4         7        0.00        0.00
   191      4         8        0.00        0.00
   191      4         9        0.00        0.00
   191      4        10        0.00        0.00
   191      4        11        0.00        0.00
   191      4        12        0.00        0.00
   191      4        13        0.00        0.00
   191      4        14        0.00        0.00
   191      4        15        0.00        0.00
   191      5         1        0.00        0.00
   191      5         2        0.00        0.00
   191      5         3        0.00        0.00
   191      5         4        0.00        0.00
   191      5         5        0.00        0.00
   191      5         6        0.00        0.00
   191      5         7        0.00        0.00
   191      5         8        0.00        0.00
   191      5         9        0.00        0.00
   191      5        10        0.00        0.00
   191      5        11        0.00        0.00
   191      5        12        0.00        0.00
   191      5        13        0.00        0.00
   191      5        14        0.00        0.00
   191      5        15        0.00        0.00
   191      6         1        0.00        0.00
   191      6         2        0.00        0.00
   191      6         3        0.00        0.00
   191      6         4        0.00        0.00
   191      6         5        0.00        0.00
   191      6         6        0.00        0.00
   191      6         7        0.00        0.00
   191      6         8        0.00        0.00
   191      6         9        0.00        0.00
   191      6        10        0.00        0.00
   191      6        11        0.00        0.00
   191      6        12        0.00        0.00
   191      6        13        0.00        0.00
   191      6        14        0.00        0.00
   191      6        15        0.00        0.00
   191      7         1        0.00        0.00
   191      7         2        0.00        0.00
   191      7         3        0.00        0.00
   191      7         4        0.00        0.00
   191      7         5        0.00        0.00
   191      7         6        0.00        0.00
   191      7         7        0.00        0.00
   191      7         8        0.00        0.00
   191      7         9        0.00        0.00
   191      7        10        0.00        0.00
   191      7        11        0.00        0.00
   191      7        12        0.00        0.00
   191      7        13        0.00        3.59
   191      7        14        0.00        0.00
   191      7        15        0.00        0.00
   191      8         1        0.00        0.00
   191      8         2        0.00        0.00
   191      8         3        0.00        0.00
   191      8         4        0.00        0.00
   191      8         5        0.00        0.00
   191      8         6        0.00        0.00
   191      8         7        0.00        0.00
   191      8         8        0.00        0.00
   191      8         9        0.00        0.00
   191      8        10        0.00        0.00
   191      8        11        0.00        0.00
   191      8        12        0.00        0.00
   191      8        13        0.00        0.00
   191      8        14        0.00        0.00
   191      8        15        0.00        0.00
   191      9         1        0.00        0.00
   191      9         2        0.00        0.00
   191      9         3        0.00        0.00
   191      9         4        0.00        0.00
   191      9         5        0.00        0.00
   191      9         6        0.00        0.00
   191      9         7        0.00        0.00
   191      9         8        0.00        0.00
   191      9         9        0.00        0.00
   191      9        10        0.00        0.00
   191      9        11        0.00        0.00
   191      9        12        0.00       11.01
   191      9        13        0.00        0.00
   191      9        14        0.00        0.00
   191      9        15        0.00       11.01
   191     10         1       19.75        0.00
   191     10         2       16.85        2.90
   191     10         3        0.25       33.77
   191     10         4        0.00       34.02
   191     10         5        0.83       33.19
   191     10         6        0.00       34.02
   191     10         7        3.48       30.54
   191     10         8        0.00       34.02
   191     10         9        0.00       34.02
   191     10        10        0.00       34.02
   191     10        11        0.00       34.02
   191     10        12        0.00       29.51
   191     10        13        0.00       12.59
   191     10        14        0.00       34.02
   191     10        15        0.00       29.51
   191     11         1       31.70        0.00
   191     11         2       15.52       16.19
   191     11         3        0.00       27.53
   191     11         4        0.00       27.53
   191     11         5        0.00       27.53
   191     11         6        0.00       27.53
   191     11         7        4.63       22.91
   191     11         8        0.00       27.53
   191     11         9        0.00       27.53
   191     11        10        0.00       27.53
   191     11        11        0.00       27.53
   191     11        12        0.00       23.14
   191     11        13        0.00       31.70
   191     11        14        0.00       27.53
   191     11        15        0.00       23.14
   191     12         1       23.67        0.00
   191     12         2       11.59       12.09
   191     12         3        0.00       20.39
   191     12         4        0.00       20.39
   191     12         5        0.00       20.39
   191     12         6        0.00       14.27
   191     12         7        3.45       16.93
   191     12         8        0.00       20.39
   191     12         9        0.00       20.39
   191     12        10        0.00       20.39
   191     12        11        0.00       20.39
   191     12        12        0.00       16.92
   191     12        13        0.00       23.67
   191     12        14        0.00       14.27
   191     12        15        0.00       16.92
   645      1         1        0.00        0.00
   645      1         2        0.00        0.00
   645      1         3        0.00        0.00
   645      1         4        0.00        0.00
   645      1         5        0.00        0.00
   645      1         6        0.00        0.00
   645      1         7        0.00        0.00
   645      1         8        0.00        0.00
   645      1         9        0.00        0.00
   645      1        10        0.00        0.00
   645      1        11        0.00        0.00
   645      1        12        0.00        0.00
   645      1        13        0.00        0.00
   645      1        14        0.00        0.00
   645      1        15        0.00        0.00
   645      2         1        0.00        0.00
   645      2         2        0.00        0.00
   645      2         3        0.00        0.00
   645      2         4        0.00        0.00
   645      2         5        0.00        0.00
   645      2         6        0.00        0.00
   645      2         7        0.00        0.00
   645      2         8        0.00        0.00
   645      2         9        0.00        0.00
   645      2        10        0.00        0.00
   645      2        11        0.00        0.00
   645      2        12        0.00        0.00
   645      2        13        0.00        0.00
   645      2        14        0.00        0.00
   645      2        15        0.00        0.00
   645      3         1        0.00        0.00
   645      3         2        0.00        0.00
   645      3         3        0.00        0.00
   645      3         4        0.00        0.00
   645      3         5        0.00        0.00
   645      3         6        0.00        0.00
   645      3         7        0.00        0.00
   645      3         8        0.00        0.00
   645      3         9        0.00        0.00
   645      3        10        0.00        0.00
   645      3        11        0.00        0.00
   645      3        12        0.00        0.00
   645      3        13        0.00        0.00
   645      3        14        0.00        0.00
   645      3        15        0.00        0.00
   645      4         1        0.00        0.00
   645      4         2        0.00        0.00
   645      4         3        0.00        0.00
   645      4         4        0.00        0.00
   645      4         5        0.00        0.00
   645      4         6        0.00        0.00
   645      4         7        0.00        0.00
   645      4         8        0.00        0.00
   645      4         9        0.00        0.00
   645      4        10        0.00        0.00
   645      4        11        0.00        0.00
   645      4        12        0.00        0.00
   645      4        13        0.00        0.00
   645      4        14        0.00        0.00
   645      4        15        0.00        0.00
   645      5         1        0.00        0.00
   645      5         2        0.00        0.00
   645      5         3        0.00        0.00
   645      5         4        0.00        0.00
   645      5         5        0.00        0.00
   645      5         6        0.00        0.00
   645      5         7        0.00        0.00
   645      5         8        0.00        0.00
   645      5         9        0.00        0.00
   645      5        10        0.00        0.00
   645      5        11        0.00        0.00
   645      5        12        0.00        0.00
   645      5        13        0.00        0.00
   645      5        14        0.00        0.00
   645      5        15        0.00        0.00
   645      6         1        0.00        0.00
   645      6         2        0.00        0.00
   645      6         3        0.00        0.00
   645      6         4        0.00        0.00
   645      6         5        0.00        0.00
   645      6         6        0.00        0.00
   645      6         7        0.00        0.00
   645      6         8        0.00        0.00
   645      6         9        0.00        0.00
   645      6        10        0.00        0.00
   645      6        11        0.00        0.00
   645      6        12        0.00       -0.00
   645      6        13        0.00        0.00
   645      6        14        0.00        0.00
   645      6        15        0.00        0.00
   645      7         1        0.00        0.00
   645      7         2        0.00        0.00
   645      7         3        0.00        0.00
   645      7         4        0.00        0.00
   645      7         5        0.00        0.00
   645      7         6        0.00        0.00
   645      7         7        0.00        0.00
   645      7         8        0.00        0.00
   645      7         9        0.00        0.00
   645      7        10        0.00        0.00
   645      7        11        0.00        0.00
   645      7        12        0.00        0.00
   645      7        13        0.00        0.00
   645      7        14        0.00        0.00
   645      7        15        0.00        0.00
   645      8         1        0.00        0.00
   645      8         2        0.00        0.00
   645      8         3        0.00        0.00
   645      8         4        0.00        0.00
   645      8         5        0.00        0.00
   645      8         6        0.00        0.00
   645      8         7        0.00        0.00
   645      8         8        0.00        4.43
   645      8         9        0.00        0.00
   645      8        10        0.00        0.00
   645      8        11        0.00        0.00
   645      8        12        0.00        0.00
   645      8        13        0.00        0.00
   645      8        14        0.00        0.00
   645      8        15        0.00        4.43
   645      9         1        0.00       10.69
   645      9         2        0.00       10.69
   645      9         3        0.00        0.00
   645      9         4        0.00        0.00
   645      9         5        0.00        0.00
   645      9         6        0.00        5.34
   645      9         7        0.00        0.00
   645      9         8        0.00        4.95
   645      9         9        0.00        0.00
   645      9        10        0.00        0.00
   645      9        11        0.00        0.00
   645      9        12        0.00        5.34
   645      9        13        0.00        5.34
   645      9        14        0.00        5.34
   645      9        15        0.00        0.00
   645     10         1        0.00       28.41
   645     10         2        0.00       28.41
   645     10         3        0.00       33.07
   645     10         4        0.00        0.00
   645     10         5       15.18        1.35
   645     10         6        0.00       30.84
   645     10         7       22.70       10.36
   645     10         8        0.00       28.41
   645     10         9       22.70        0.00
   645     10        10        0.13       32.93
   645     10        11        0.00       33.07
   645     10        12        0.00       30.84
   645     10        13        0.00       30.84
   645     10        14       22.11        8.73
   645     10        15        0.00       30.84
   645     11         1       22.24        0.00
   645     11         2       16.77        5.47
   645     11         3       21.60        4.80
   645     11         4       23.73        4.90
   645     11         5       20.83        1.08
   645     11         6       24.16        0.00
   645     11         7       24.44        1.96
   645     11         8       20.17        2.07
   645     11         9       24.44        5.08
   645     11        10       13.62       12.78
   645     11        11       13.60       12.80
   645     11        12       20.72        3.44
   645     11        13       23.65        0.51
   645     11        14       24.16        0.00
   645     11        15       16.77        0.00
   645     12         1       11.54        0.00
   645     12         2        4.31       11.95
   645     12         3       15.72        3.82
   645     12         4       18.35       13.36
   645     12         5       27.08        0.00
   645     12         6       17.49        0.28
   645     12         7       13.81        5.73
   645     12         8        7.11        9.15
   645     12         9       13.81        8.19
   645     12        10        0.84       18.71
   645     12        11        1.70       17.84
   645     12        12       17.17        0.60
   645     12        13       17.77        0.00
   645     12        14        2.97       14.80
   645     12        15       17.38        2.71
  1108      1         1        0.00        0.00
  1108      1         2        0.00        0.00
  1108      1         3        0.00        0.00
  1108      1         4        0.00        0.00
  1108      1         5        0.00        0.00
  1108      1         6        0.00        0.00
  1108      1         7        0.00        0.00
  1108      1         8        0.00        0.00
  1108      1         9        0.00        0.00
  1108      1        10        0.00        0.00
  1108      1        11        0.00        0.00
  1108      1        12        0.00        0.00
  1108      1        13        0.00        0.00
  1108      1        14        0.00        0.00
  1108      1        15        0.00        0.00
  1108      2         1        0.00        0.00
  1108      2         2        0.00        0.00
  1108      2         3        0.00        0.00
  1108      2         4        0.00        0.00
  1108      2         5        0.00        0.00
  1108      2         6        0.00        0.00
  1108      2         7        0.00        0.00
  1108      2         8        0.00        0.00
  1108      2         9        0.00        0.00
  1108      2        10        0.00        0.00
  1108      2        11        0.00        0.00
  1108      2        12        0.00        0.00
  1108      2        13        0.00        0.00
  1108      2        14        0.00        0.00
  1108      2        15        0.00        0.00
  1108      3         1        0.00        0.00
  1108      3         2        0.00        0.00
  1108      3         3        0.00        0.00
  1108      3         4        0.00        0.00
  1108      3         5        0.00        0.00
  1108      3         6        0.00        0.00
  1108      3         7        0.00        0.00
  1108      3         8        0.00        0.00
  1108      3         9        0.00        0.00
  1108      3        10        0.00        0.00
  1108      3        11        0.00        0.00
  1108      3        12        0.00        0.00
  1108      3        13        0.00        0.00
  1108      3        14        0.00        0.00
  1108      3        15        0.00        0.00
  1108      4         1        0.00        0.00
  1108      4         2        0.00        0.00
  1108      4         3        0.00        0.00
  1108      4         4        0.00        0.00
  1108      4         5        0.00        0.00
  1108      4         6        0.00        0.00
  1108      4         7        0.00        0.00
  1108      4         8        0.00        0.00
  1108      4         9        0.00        0.00
  1108      4        10        0.00        0.00
  1108      4        11        0.00        0.00
  1108      4        12        0.00        0.00
  1108      4        13        0.00        0.00
  1108      4        14        0.00        0.00
  1108      4        15        0.00        0.00
  1108      5         1        0.00        0.00
  1108      5         2        0.00        0.00
  1108      5         3        0.00        0.00
  1108      5         4        0.00        0.00
  1108      5         5        0.00        0.00
  1108      5         6        0.00        0.00
  1108      5         7        0.00        0.00
  1108      5         8        0.00        0.00
  1108      5         9        0.00        0.00
  1108      5        10        0.00        0.00
  1108      5        11        0.00        0.00
  1108      5        12        0.00        0.00
  1108      5        13        0.00        0.00
  1108      5        14        0.00        0.00
  1108      5        15        0.00        0.00
  1108      6         1        0.00        0.00
  1108      6         2        0.00        0.00
  1108      6         3        0.00        0.00
  1108      6         4        0.00        0.00
  1108      6         5        0.00        0.00
  1108      6         6        0.00        0.00
  1108      6         7        0.00        0.00
  1108      6         8        0.00        0.00
  1108      6         9        0.00        0.00
  1108      6        10        0.00        0.00
  1108      6        11        0.00        0.00
  1108      6        12        0.00        0.00
  1108      6        13        0.00        0.00
  1108      6        14        0.00        0.00
  1108      6        15        0.00        0.00
  1108      7         1        0.00        0.00
  1108      7         2        0.00        0.00
  1108      7         3        0.00        0.00
  1108      7         4        0.00        0.00
  1108      7         5        0.00        0.00
  1108      7         6        0.00        0.00
  1108      7         7        0.00        0.00
  1108      7         8        0.00        0.00
  1108      7         9        0.00        0.00
  1108      7        10        0.00        0.00
  1108      7        11        0.00        0.00
  1108      7        12        0.00        0.00
  1108      7        13        0.00        0.00
  1108      7        14        0.00        0.00
  1108      7        15        0.00        0.00
  1108      8         1        0.00        0.00
  1108      8         2        0.00       10.48
  1108      8         3        0.00        5.24
  1108      8         4        0.00        0.00
  1108      8         5        0.00        0.00
  1108      8         6        0.00       10.48
  1108      8         7        0.00       10.48
  1108      8         8        0.00        0.00
  1108      8         9        0.00       10.48
  1108      8        10        0.00        0.00
  1108      8        11        0.00        0.00
  1108      8        12        0.00        0.00
  1108      8        13        0.00        0.00
  1108      8        14        0.00       10.48
  1108      8        15        0.00        0.00
  1108      9         1       23.26       10.62
  1108      9         2       23.26        6.09
  1108      9         3       24.98        6.79
  1108      9         4       23.26        0.00
  1108      9         5       26.30        7.58
  1108      9         6       23.26        6.09
  1108      9         7       23.26        6.09
  1108      9         8       23.26        1.72
  1108      9         9       25.24        4.11
  1108      9        10       24.98        0.00
  1108      9        11       23.26        1.72
  1108      9        12       23.26        0.00
  1108      9        13       23.26        0.00
  1108      9        14       23.65        5.70
  1108      9        15       23.26        0.00
  1108     10         1        0.00       29.09
  1108     10         2        0.00       24.73
  1108     10         3        0.00       18.43
  1108     10         4        4.18       27.96
  1108     10         5       20.41        8.68
  1108     10         6       18.46        6.27
  1108     10         7       24.73        0.00
  1108     10         8        4.21       11.64
  1108     10         9        0.00       24.73
  1108     10        10        0.00       31.70
  1108     10        11        0.51       21.26
  1108     10        12       13.92        0.00
  1108     10        13        8.74       23.40
  1108     10        14        1.50       23.23
  1108     10        15       13.92       18.22
  1108     11         1        0.00       23.47
  1108     11         2        0.00       14.04
  1108     11         3        0.00       24.14
  1108     11         4       12.45       13.59
  1108     11         5       17.81        5.66
  1108     11         6       20.03        0.00
  1108     11         7       12.88        7.16
  1108     11         8       12.54       18.54
  1108     11         9        0.00       20.03
  1108     11        10        0.00       25.53
  1108     11        11        1.50       27.14
  1108     11        12       25.22        6.48
  1108     11        13       26.03        0.00
  1108     11        14        4.47       15.57
  1108     11        15       25.22        0.81
  1108     12         1        0.00       12.47
  1108     12         2        0.00       16.84
  1108     12         3        0.00       18.20
  1108     12         4        0.00       19.69
  1108     12         5        0.00       17.67
  1108     12         6        0.00       14.96
  1108     12         7        0.00       14.96
  1108     12         8        0.00       23.66
  1108     12         9        0.00       10.68
  1108     12        10        0.00       19.29
  1108     12        11        0.00       21.75
  1108     12        12        0.00       24.16
  1108     12        13        0.00       19.69
  1108     12        14        0.00       14.96
  1108     12        15        0.00       19.69
   197      1         1        0.00        0.00
   197      1         2        0.00        0.00
   197      1         3        0.00        0.00
   197      1         4        0.00        0.00
   197      1         5        0.00        0.00
   197      1         6        0.00        0.00
   197      1         7        0.00        0.00
   197      1         8        0.00        0.00
   197      1         9        0.00        0.00
   197      1        10        0.00        0.00
   197      1        11        0.00        0.00
   197      1        12        0.00        0.00
   197      1        13        0.00        0.00
   197      1        14        0.00        0.00
   197      1        15        0.00        0.00
   197      2         1        0.00        0.00
   197      2         2        0.00        0.00
   197      2         3        0.00        0.00
   197      2         4        0.00        0.00
   197      2         5        0.00        0.00
   197      2         6        0.00        0.00
   197      2         7        0.00        0.00
   197      2         8        0.00        0.00
   197      2         9        0.00        0.00
   197      2        10        0.00        0.00
   197      2        11        0.00        0.00
   197      2        12        0.00        0.00
   197      2        13        0.00        0.00
   197      2        14        0.00        0.00
   197      2        15        0.00        0.00
   197      3         1        0.00        0.00
   197      3         2        0.00        0.00
   197      3         3        0.00        0.00
   197      3         4        0.00        0.00
   197      3         5        0.00        0.00
   197      3         6        0.00        0.00
   197      3         7        0.00        0.00
   197      3         8        0.00        0.00
   197      3         9        0.00        0.00
   197      3        10        0.00        0.00
   197      3        11        0.00        0.00
   197      3        12        0.00        0.00
   197      3        13        0.00        0.00
   197      3        14        0.00        0.00
   197      3        15        0.00        0.00
   197      4         1        0.00        0.00
   197      4         2        0.00        0.00
   197      4         3        0.00        0.00
   197      4         4        0.00        0.00
   197      4         5        0.00        0.00
   197      4         6        0.00        0.00
   197      4         7        0.00        0.00
   197      4         8        0.00        0.00
   197      4         9        0.00        0.00
   197      4        10        0.00        0.00
   197      4        11        0.00        0.00
   197      4        12        0.00        0.00
   197      4        13        0.00        0.00
   197      4        14        0.00        0.00
   197      4        15        0.00        0.00
   197      5         1        0.00        0.00
   197      5         2        0.00        0.00
   197      5         3        0.00        0.00
   197      5         4        0.00        0.00
   197      5         5        0.00        0.00
   197      5         6        0.00        0.00
   197      5         7        0.00        0.00
   197      5         8        0.00        2.44
   197      5         9        0.00        0.00
   197      5        10        0.00        0.00
   197      5        11        0.00        0.00
   197      5        12        0.00        0.00
   197      5        13        0.00        0.00
   197      5        14        0.00        0.00
   197      5        15        0.00        0.00
   197      6         1        0.00        0.00
   197      6         2        0.00        0.00
   197      6         3        0.00        0.00
   197      6         4        0.00        0.00
   197      6         5        0.00        0.00
   197      6         6        0.00        0.00
   197      6         7        0.00        0.00
   197      6         8        0.00        0.00
   197      6         9        0.00        0.00
   197      6        10        0.00        0.00
   197      6        11        0.00        0.00
   197      6        12        0.00        0.00
   197      6        13        0.00        0.00
   197      6        14        0.00        0.00
   197      6        15        0.00        0.00
   197      7         1        0.00        0.00
   197      7         2        0.00        0.00
   197      7         3        0.00       -0.00
   197      7         4        0.00        0.00
   197      7         5        0.00        0.00
   197      7         6        0.00        0.00
   197      7         7        0.00        0.00
   197      7         8        0.00        0.00
   197      7         9        0.00        0.00
   197      7        10        0.00        0.00
   197      7        11        0.00        0.00
   197      7        12        0.00        0.00
   197      7        13        0.00        0.00
   197      7        14        0.00        0.00
   197      7        15        0.00        0.00
   197      8         1        0.00        0.00
   197      8         2        0.00        0.00
   197      8         3        0.00        6.36
   197      8         4        0.00        6.36
   197      8         5        0.00        0.00
   197      8         6        0.00        0.00
   197      8         7        0.00        0.00
   197      8         8        0.00        0.00
   197      8         9        0.00        6.36
   197      8        10        0.00        0.00
   197      8        11        0.00        0.00
   197      8        12        0.00        0.00
   197      8        13        0.00        0.00
   197      8        14        0.00        0.00
   197      8        15        0.00        0.00
   197      9         1        5.05       36.08
   197      9         2       14.77        5.80
   197      9         3       22.25       16.77
   197      9         4        0.00       39.01
   197      9         5       41.13        0.00
   197      9         6        0.00        0.00
   197      9         7        0.00        0.00
   197      9         8        0.00       37.13
   197      9         9        0.00       37.13
   197      9        10        0.00       41.13
   197      9        11        0.00        0.00
   197      9        12        0.00       33.70
   197      9        13        0.00        0.00
   197      9        14       11.96        8.60
   197      9        15        0.00        0.00
   197     10         1       25.59        0.00
   197     10         2       11.80       30.81
   197     10         3        0.00       35.67
   197     10         4        0.00       35.67
   197     10         5        2.82       17.11
   197     10         6       13.98       33.45
   197     10         7        0.00       47.43
   197     10         8       15.51       20.67
   197     10         9        5.48       30.70
   197     10        10        0.00       37.78
   197     10        11        3.45       43.99
   197     10        12        0.00       29.12
   197     10        13        0.00       47.43
   197     10        14       22.21       20.40
   197     10        15       23.36       24.07
   197     11         1       32.88        0.00
   197     11         2       31.93        6.20
   197     11         3       31.11        0.00
   197     11         4       13.49       17.62
   197     11         5       31.31        6.34
   197     11         6       31.55       11.40
   197     11         7       17.46       25.50
   197     11         8       31.70        0.00
   197     11         9       31.49        0.21
   197     11        10        0.13       33.17
   197     11        11       30.50       12.46
   197     11        12        6.74       30.91
   197     11        13       26.58       16.37
   197     11        14       32.37        5.76
   197     11        15       32.49        1.80
   197     12         1       14.91       16.80
   197     12         2        0.00       32.18
   197     12         3        0.00       24.40
   197     12         4       24.06        0.35
   197     12         5        0.00       31.70
   197     12         6       19.85       17.15
   197     12         7        5.27       31.73
   197     12         8       24.87        0.00
   197     12         9        0.00       24.87
   197     12        10        0.18       26.53
   197     12        11       21.39       15.61
   197     12        12       31.47        0.23
   197     12        13        2.28       26.06
   197     12        14       28.46        3.72
   197     12        15        0.00       39.37
   648      1         1        0.00        0.00
   648      1         2        0.00        0.00
   648      1         3        0.00        0.00
   648      1         4        0.00        0.00
   648      1         5        0.00        0.00
   648      1         6        0.00        0.00
   648      1         7        0.00        0.00
   648      1         8        0.00        0.00
   648      1         9        0.00        0.00
   648      1        10        0.00        0.00
   648      1        11        0.00        0.00
   648      1        12        0.00        0.00
   648      1        13        0.00        0.00
   648      1        14        0.00        0.00
   648      1        15        0.00        0.00
   648      2         1        0.00        0.00
   648      2         2        0.00        0.00
   648      2         3        0.00        0.00
   648      2         4        0.00        0.00
   648      2         5        0.00        0.00
   648      2         6        0.00        0.00
   648      2         7        0.00        0.00
   648      2         8        0.00        0.00
   648      2         9        0.00        0.00
   648      2        10        0.00        0.00
   648      2        11        0.00        0.00
   648      2        12        0.00        0.00
   648      2        13        0.00        0.00
   648      2        14        0.00        0.00
   648      2        15        0.00        0.00
   648      3         1        0.00        0.00
   648      3         2        0.00        0.00
   648      3         3        0.00        0.00
   648      3         4        0.00        0.00
   648      3         5        0.00        0.00
   648      3         6        0.00        0.00
   648      3         7        0.00        0.00
   648      3         8        0.00        0.00
   648      3         9        0.00        0.00
   648      3        10        0.00        0.00
   648      3        11        0.00        0.00
   648      3        12        0.00        0.00
   648      3        13        0.00        0.00
   648      3        14        0.00        0.00
   648      3        15        0.00        0.00
   648      4         1        0.00        0.00
   648      4         2        0.00        0.00
   648      4         3        0.00        0.00
   648      4         4        0.00        0.00
   648      4         5        0.00        0.00
   648      4         6        0.00        0.00
   648      4         7        0.00        0.00
   648      4         8        0.00        0.00
   648      4         9        0.00        0.00
   648      4        10        0.00        0.00
   648      4        11        0.00        0.00
   648      4        12        0.00        0.00
   648      4        13        0.00        0.00
   648      4        14        0.00        0.00
   648      4        15        0.00        0.00
   648      5         1        0.00        0.00
   648      5         2        0.00        0.00
   648      5         3        0.00        0.00
   648      5         4        0.00        0.00
   648      5         5        0.00        0.00
   648      5         6        0.00        0.00
   648      5         7        0.00        0.00
   648      5         8        0.00        0.00
   648      5         9        0.00        0.00
   648      5        10        0.00        0.00
   648      5        11        0.00        0.00
   648      5        12        0.00        0.00
   648      5        13        0.00        0.00
   648      5        14        0.00        0.00
   648      5        15        0.00        0.00
   648      6         1        0.00        0.00
   648      6         2        0.00        0.00
   648      6         3        0.00        0.00
   648      6         4        0.00        0.00
   648      6         5        0.00        0.00
   648      6         6        0.00        0.00
   648      6         7        0.00        0.00
   648      6         8        0.00        0.00
   648      6         9        0.00        0.00
   648      6        10        0.00        0.00
   648      6        11        0.00        0.00
   648      6        12        0.00        0.00
   648      6        13        0.00        0.00
   648      6        14        0.00        0.00
   648      6        15        0.00        0.00
   648      7         1        0.00        0.00
   648      7         2        0.00        0.00
   648      7         3        0.00        0.00
   648      7         4        0.00        0.00
   648      7         5        0.00        0.00
   648      7         6        0.00        0.00
   648      7         7        0.00        0.00
   648      7         8        0.00        0.00
   648      7         9        0.00        0.00
   648      7        10        0.00        0.00
   648      7        11        0.00        0.00
   648      7        12        0.00        0.00
   648      7        13        0.00        0.00
   648      7        14        0.00        0.00
   648      7        15        0.00        0.00
   648      8         1        0.00        0.00
   648      8         2        0.00        0.00
   648      8         3        0.00        0.00
   648      8         4        0.00        0.00
   648      8         5        0.00        0.00
   648      8         6        0.00        0.00
   648      8         7        0.00        0.00
   648      8         8        0.00        0.00
   648      8         9        0.00        0.00
   648      8        10        0.00        0.00
   648      8        11        0.00        0.00
   648      8        12        0.00        0.00
   648      8        13        0.00        0.00
   648      8        14        0.00        0.00
   648      8        15        0.00        0.00
   648      9         1        0.00        0.00
   648      9         2        0.00        0.00
   648      9         3        0.00        0.00
   648      9         4        0.00        0.00
   648      9         5        0.00        0.00
   648      9         6        0.00        0.00
   648      9         7        0.00        0.00
   648      9         8        0.00        0.00
   648      9         9        0.00        0.00
   648      9        10        0.00        0.00
   648      9        11        0.00        0.00
   648      9        12        0.00        0.00
   648      9        13        0.00        0.00
   648      9        14        0.00        0.00
   648      9        15        0.00        0.00
   648     10         1        0.00        0.00
   648     10         2        0.00        0.00
   648     10         3        0.00        0.00
   648     10         4        0.00        0.00
   648     10         5        0.00        0.00
   648     10         6        0.00        0.00
   648     10         7        0.00        0.00
   648     10         8        0.00        0.00
   648     10         9        0.00        0.00
   648     10        10        0.00        0.00
   648     10        11        0.00        0.00
   648     10        12        0.00        0.00
   648     10        13        0.00        0.00
   648     10        14        0.00        0.00
   648     10        15        0.00        0.00
   648     11         1        0.00        0.00
   648     11         2        0.00        0.00
   648     11         3        0.00        0.00
   648     11         4        0.00        0.00
   648     11         5        0.00        0.00
   648     11         6        0.00        0.00
   648     11         7        0.00        0.00
   648     11         8        0.00        0.00
   648     11         9        0.00        0.00
   648     11        10        0.00        0.00
   648     11        11        0.00        0.00
   648     11        12        0.00        0.00
   648     11        13        0.00        0.00
   648     11        14        0.00        0.00
   648     11        15        0.00        0.00
   648     12         1        0.00        0.00
   648     12         2        0.00        0.00
   648     12         3        0.00        0.00
   648     12         4        0.00        0.00
   648     12         5        0.00        0.00
   648     12         6        0.00        0.00
   648     12         7        0.00        0.00
   648     12         8        0.00        0.00
   648     12         9        0.00        0.00
   648     12        10        0.00        0.00
   648     12        11        0.00        0.00
   648     12        12        0.00        0.00
   648     12        13        0.00        0.00
   648     12        14        0.00        0.00
   648     12        15        0.00        0.00
  1111      1         1        0.00        0.00
  1111      1         2        0.00        0.00
  1111      1         3        0.00        0.00
  1111      1         4        0.00        0.00
  1111      1         5        0.00        0.00
  1111      1         6        0.00        0.00
  1111      1         7        0.00        0.00
  1111      1         8        0.00        0.00
  1111      1         9        0.00        0.00
  1111      1        10        0.00        0.00
  1111      1        11        0.00        0.00
  1111      1        12        0.00        0.00
  1111      1        13        0.00        0.00
  1111      1        14        0.00        0.00
  1111      1        15        0.00        0.00
  1111      2         1        0.00        0.00
  1111      2         2        0.00        0.00
  1111      2         3        0.00        0.00
  1111      2         4        0.00        0.00
  1111      2         5        0.00        0.00
  1111      2         6        0.00        0.00
  1111      2         7        0.00        0.00
  1111      2         8        0.00        0.00
  1111      2         9        0.00        0.00
  1111      2        10        0.00        0.00
  1111      2        11        0.00        0.00
  1111      2        12        0.00        0.00
  1111      2        13        0.00        0.00
  1111      2        14        0.00        0.00
  1111      2        15        0.00        0.00
  1111      3         1        0.00        0.00
  1111      3         2        0.00        0.00
  1111      3         3        0.00        0.00
  1111      3         4        0.00        0.00
  1111      3         5        0.00        0.00
  1111      3         6        0.00        0.00
  1111      3         7        0.00        0.00
  1111      3         8        0.00        0.00
  1111      3         9        0.00        0.00
  1111      3        10        0.00        0.00
  1111      3        11        0.00        0.00
  1111      3        12        0.00        0.00
  1111      3        13        0.00        0.00
  1111      3        14        0.00        0.00
  1111      3        15        0.00        0.00
  1111      4         1        0.00        0.00
  1111      4         2        0.00        0.00
  1111      4         3        0.00        0.00
  1111      4         4        0.00        0.00
  1111      4         5        0.00        0.00
  1111      4         6        0.00        0.00
  1111      4         7        0.00        0.00
  1111      4         8        0.00        0.00
  1111      4         9        0.00        0.00
  1111      4        10        0.00        0.00
  1111      4        11        0.00        0.00
  1111      4        12        0.00        0.00
  1111      4        13        0.00        0.00
  1111      4        14        0.00        0.00
  1111      4        15        0.00        0.00
  1111      5         1        0.00        0.00
  1111      5         2        0.00        0.00
  1111      5         3        0.00        0.00
  1111      5         4        0.00        0.00
  1111      5         5        0.00        0.00
  1111      5         6        0.00        0.00
  1111      5         7        0.00        0.00
  1111      5         8        0.00        0.00
  1111      5         9        0.00        0.00
  1111      5        10        0.00        0.00
  1111      5        11        0.00        0.00
  1111      5        12        0.00        0.00
  1111      5        13        0.00        0.00
  1111      5        14        0.00        0.00
  1111      5        15        0.00        0.00
  1111      6         1        0.00        0.00
  1111      6         2        0.00        0.00
  1111      6         3        0.00        0.00
  1111      6         4        0.00        0.00
  1111      6         5        0.00        0.00
  1111      6         6        0.00        0.00
  1111      6         7        0.00        0.00
  1111      6         8        0.00        0.00
  1111      6         9        0.00        0.00
  1111      6        10        0.00        0.00
  1111      6        11        0.00        0.00
  1111      6        12        0.00        0.00
  1111      6        13        0.00        0.00
  1111      6        14        0.00        0.00
  1111      6        15        0.00        0.00
  1111      7         1        0.00        0.00
  1111      7         2        0.00        0.00
  1111      7         3        0.00        0.00
  1111      7         4        0.00        0.00
  1111      7         5        0.00        0.00
  1111      7         6        0.00        0.00
  1111      7         7        0.00        0.00
  1111      7         8        0.00        4.88
  1111      7         9        0.00        0.00
  1111      7        10        0.00        0.00
  1111      7        11        0.00        0.00
  1111      7        12        0.00        0.00
  1111      7        13        0.00        0.00
  1111      7        14        0.00        4.88
  1111      7        15        0.00        0.00
  1111      8         1        0.00        0.00
  1111      8         2        0.00       28.83
  1111      8         3        0.00        0.00
  1111      8         4        0.00        6.21
  1111      8         5        0.00        0.00
  1111      8         6        0.00        0.00
  1111      8         7        0.00        0.00
  1111      8         8        0.00        0.00
  1111      8         9        0.00       15.40
  1111      8        10        0.00        0.00
  1111      8        11        0.00        0.00
  1111      8        12        0.00        0.00
  1111      8        13        0.00        0.00
  1111      8        14        0.00       11.64
  1111      8        15        0.00       10.07
  1111      9         1        0.00        7.50
  1111      9         2        0.00        5.91
  1111      9         3        0.00        0.00
  1111      9         4        0.00       33.12
  1111      9         5        0.00        0.00
  1111      9         6        0.00        7.50
  1111      9         7        0.00       20.09
  1111      9         8        0.00       33.12
  1111      9         9        0.00       35.19
  1111      9        10        0.00        7.50
  1111      9        11        0.00        7.50
  1111      9        12        0.00       20.09
  1111      9        13        0.00        0.00
  1111      9        14        0.00       28.92
  1111      9        15        0.00       25.45
  1111     10         1       19.21        1.48
  1111     10         2        7.62       26.12
  1111     10         3       11.48       27.17
  1111     10         4       34.89        1.05
  1111     10         5       14.89       31.46
  1111     10         6       10.14       10.54
  1111     10         7       28.74        9.83
  1111     10         8       35.94        0.00
  1111     10         9       15.61       16.09
  1111     10        10       35.94        5.43
  1111     10        11       20.68        0.00
  1111     10        12       41.53        0.00
  1111     10        13       24.43        7.39
  1111     10        14       14.85        0.00
  1111     10        15       13.48       22.82
  1111     11         1       24.04       18.63
  1111     11         2       31.70        0.00
  1111     11         3       27.25        7.66
  1111     11         4       31.29        0.00
  1111     11         5       26.90       14.86
  1111     11         6       28.73        9.52
  1111     11         7       28.30        9.44
  1111     11         8        0.09       31.20
  1111     11         9       26.42        0.00
  1111     11        10        0.09       29.25
  1111     11        11       24.38       18.29
  1111     11        12       34.52        2.41
  1111     11        13       26.20       14.65
  1111     11        14       26.92        4.78
  1111     11        15       25.03        6.68
  1111     12         1       23.71       15.70
  1111     12         2       20.77        4.00
  1111     12         3       21.92       17.50
  1111     12         4       24.44        0.00
  1111     12         5       20.89       14.83
  1111     12         6       21.47       19.16
  1111     12         7       11.17       20.53
  1111     12         8       21.83        2.61
  1111     12         9       20.61        0.00
  1111     12        10       25.92        4.13
  1111     12        11       16.68       22.74
  1111     12        12        0.00       30.78
  1111     12        13       21.16       18.25
  1111     12        14       22.63        2.14
  1111     12        15       24.77        0.00
   636      1         1        0.00        0.00
   636      1         2        0.00        0.00
   636      1         3        0.00        0.00
   636      1         4        0.00        0.00
   636      1         5        0.00        0.00
   636      1         6        0.00        0.00
   636      1         7        0.00        0.00
   636      1         8        0.00        0.00
   636      1         9        0.00        0.00
   636      1        10        0.00        0.00
   636      1        11        0.00        0.00
   636      1        12        0.00        0.00
   636      1        13        0.00        0.00
   636      1        14        0.00        0.00
   636      1        15        0.00        0.00
   636      2         1        0.00        0.00
   636      2         2        0.00        0.00
   636      2         3        0.00        0.00
   636      2         4        0.00        0.00
   636      2         5        0.00        0.00
   636      2         6        0.00        0.00
   636      2         7        0.00        0.00
   636      2         8        0.00        0.00
   636      2         9        0.00        0.00
   636      2        10        0.00        0.00
   636      2        11        0.00        0.00
   636      2        12        0.00        0.00
   636      2        13        0.00        0.00
   636      2        14        0.00        0.00
   636      2        15        0.00        0.00
   636      3         1        0.00        0.00
   636      3         2        0.00        0.00
   636      3         3        0.00        0.00
   636      3         4        0.00        0.00
   636      3         5        0.00        0.00
   636      3         6        0.00        0.00
   636      3         7        0.00        0.00
   636      3         8        0.00        0.00
   636      3         9        0.00        0.00
   636      3        10        0.00        0.00
   636      3        11        0.00        0.00
   636      3        12        0.00        0.00
   636      3        13        0.00        0.00
   636      3        14        0.00        0.00
   636      3        15        0.00        0.00
   636      4         1        0.00        0.00
   636      4         2        0.00        1.49
   636      4         3        0.00        0.00
   636      4         4        0.00        0.00
   636      4         5        0.00        0.00
   636      4         6        0.00        0.00
   636      4         7        0.00        0.00
   636      4         8        0.00        0.00
   636      4         9        0.00        0.00
   636      4        10        0.00        0.00
   636      4        11        0.00        0.00
   636      4        12        0.00        0.00
   636      4        13        0.00        0.00
   636      4        14        0.00        0.00
   636      4        15        0.00        0.00
   636      5         1        0.00        0.00
   636      5         2        0.00        0.00
   636      5         3        0.00        0.00
   636      5         4        0.00        0.00
   636      5         5        0.00        0.00
   636      5         6        0.00        0.00
   636      5         7        0.00        0.00
   636      5         8        0.00        2.56
   636      5         9        0.00        0.00
   636      5        10        0.00        0.00
   636      5        11        0.00        0.00
   636      5        12        0.00        0.00
   636      5        13        0.00        0.00
   636      5        14        0.00        0.00
   636      5        15        0.00        0.00
   636      6         1        0.00        0.00
   636      6         2        0.00        0.00
   636      6         3        0.00        0.00
   636      6         4        0.00        0.00
   636      6         5        0.00        0.00
   636      6         6        0.00        0.00
   636      6         7        0.00        0.00
   636      6         8        0.00        0.00
   636      6         9        0.00        0.00
   636      6        10        0.00        0.00
   636      6        11        0.00        0.00
   636      6        12        0.00        0.00
   636      6        13        0.00        0.00
   636      6        14        0.00        0.00
   636      6        15        0.00        0.00
   636      7         1        0.00        0.00
   636      7         2        0.00        0.00
   636      7         3        0.00        0.00
   636      7         4        0.00        0.00
   636      7         5        0.00        0.00
   636      7         6        0.00        0.00
   636      7         7        0.00        0.00
   636      7         8        0.00        0.00
   636      7         9        0.00        0.00
   636      7        10        0.00        0.00
   636      7        11        0.00        0.00
   636      7        12        0.00        0.00
   636      7        13        0.00        0.00
   636      7        14        0.00        0.00
   636      7        15        0.00        0.00
   636      8         1        0.00        0.00
   636      8         2        0.00       32.82
   636      8         3        0.00        0.00
   636      8         4        0.00        6.52
   636      8         5        0.00        6.52
   636      8         6        0.00       13.03
   636      8         7        0.00        6.52
   636      8         8        0.00        0.00
   636      8         9        0.00        6.52
   636      8        10        0.00        0.00
   636      8        11        0.00       34.93
   636      8        12        0.00       13.03
   636      8        13        0.00        6.52
   636      8        14        0.00       23.98
   636      8        15        0.00        0.00
   636      9         1       22.86        5.88
   636      9         2       13.19       16.67
   636      9         3       15.72       13.02
   636      9         4       34.01        4.95
   636      9         5        0.07       38.90
   636      9         6        2.69       26.68
   636      9         7       28.93       10.82
   636      9         8        0.00       38.97
   636      9         9        0.00       17.81
   636      9        10        0.00        0.00
   636      9        11        0.00       32.21
   636      9        12       22.79       14.85
   636      9        13        0.00       38.97
   636      9        14       28.06        6.86
   636      9        15       33.78        0.00
   636     10         1       19.65       15.47
   636     10         2       11.34       14.85
   636     10         3       13.51       21.61
   636     10         4       29.24        7.20
   636     10         5        0.06       36.37
   636     10         6        2.31       33.78
   636     10         7       24.86        0.00
   636     10         8        0.00       36.43
   636     10         9        0.00       37.75
   636     10        10        0.00       47.98
   636     10        11        0.00       28.23
   636     10        12       19.59       14.52
   636     10        13        0.00       36.43
   636     10        14       24.12        7.23
   636     10        15       29.04        1.22
   636     11         1       16.74       21.19
   636     11         2       21.93        0.00
   636     11         3       31.70        6.23
   636     11         4       31.70        0.00
   636     11         5       31.70        0.00
   636     11         6       31.70       -0.00
   636     11         7       31.04        3.16
   636     11         8       20.40       11.31
   636     11         9        7.77       30.16
   636     11        10       11.78       31.48
   636     11        11       18.77        4.76
   636     11        12       15.00       14.03
   636     11        13        3.71       27.99
   636     11        14       14.32       11.66
   636     11        15       31.70        6.23
  1105      1         1        0.00        0.00
  1105      1         2        0.00        0.00
  1105      1         3        0.00        0.00
  1105      1         4        0.00        0.00
  1105      1         5        0.00        0.00
  1105      1         6        0.00        0.00
  1105      1         7        0.00        0.00
  1105      1         8        0.00        0.00
  1105      1         9        0.00        0.00
  1105      1        10        0.00        0.00
  1105      1        11        0.00        0.00
  1105      1        12        0.00        0.00
  1105      1        13        0.00        0.00
  1105      1        14        0.00        0.00
  1105      1        15        0.00        0.00
  1105      2         1        0.00        0.00
  1105      2         2        0.00        0.00
  1105      2         3        0.00        0.00
  1105      2         4        0.00        0.00
  1105      2         5        0.00        0.00
  1105      2         6        0.00        0.00
  1105      2         7        0.00        0.00
  1105      2         8        0.00        0.00
  1105      2         9        0.00        0.00
  1105      2        10        0.00        0.00
  1105      2        11        0.00        0.00
  1105      2        12        0.00        0.00
  1105      2        13        0.00        0.00
  1105      2        14        0.00        0.00
  1105      2        15        0.00        0.00
  1105      3         1        0.00        0.00
  1105      3         2        0.00        0.00
  1105      3         3        0.00        0.00
  1105      3         4        0.00        0.00
  1105      3         5        0.00        0.00
  1105      3         6        0.00        0.00
  1105      3         7        0.00        0.00
  1105      3         8        0.00        0.00
  1105      3         9        0.00        0.00
  1105      3        10        0.00        0.00
  1105      3        11        0.00        0.00
  1105      3        12        0.00        0.00
  1105      3        13        0.00        0.00
  1105      3        14        0.00        0.00
  1105      3        15        0.00        0.00
  1105      4         1        0.00        0.00
  1105      4         2        0.00        0.00
  1105      4         3        0.00        0.00
  1105      4         4        0.00        0.00
  1105      4         5        0.00        0.00
  1105      4         6        0.00        0.00
  1105      4         7        0.00        0.00
  1105      4         8        0.00        0.00
  1105      4         9        0.00        0.00
  1105      4        10        0.00        0.00
  1105      4        11        0.00        0.00
  1105      4        12        0.00        0.00
  1105      4        13        0.00        0.00
  1105      4        14        0.00        0.00
  1105      4        15        0.00        0.00
  1105      5         1        0.00        0.00
  1105      5         2        0.00        0.00
  1105      5         3        0.00        0.00
  1105      5         4        0.00        0.00
  1105      5         5        0.00        0.00
  1105      5         6        0.00        0.00
  1105      5         7        0.00        0.00
  1105      5         8        0.00        0.00
  1105      5         9        0.00        0.00
  1105      5        10        0.00        0.00
  1105      5        11        0.00        0.00
  1105      5        12        0.00        0.00
  1105      5        13        0.00        0.00
  1105      5        14        0.00        0.00
  1105      5        15        0.00        0.00
  1105      6         1        0.00        0.00
  1105      6         2        0.00        0.00
  1105      6         3        0.00        0.00
  1105      6         4        0.00        0.00
  1105      6         5        0.00        0.00
  1105      6         6        0.00        0.00
  1105      6         7        0.00        0.00
  1105      6         8        0.00        0.00
  1105      6         9        0.00        0.00
  1105      6        10        0.00        0.00
  1105      6        11        0.00        0.00
  1105      6        12        0.00        0.00
  1105      6        13        0.00        0.00
  1105      6        14        0.00        0.00
  1105      6        15        0.00        0.00
  1105      7         1        0.00        0.00
  1105      7         2        0.00        0.00
  1105      7         3        0.00        0.00
  1105      7         4        0.00        0.00
  1105      7         5        0.00        0.00
  1105      7         6        0.00        0.00
  1105      7         7        0.00        0.00
  1105      7         8        0.00        0.00
  1105      7         9        0.00        0.00
  1105      7        10        0.00        0.00
  1105      7        11        0.00        0.00
  1105      7        12        0.00        0.00
  1105      7        13        0.00        0.00
  1105      7        14        0.00        0.00
  1105      7        15        0.00        0.00
  1105      8         1        0.00        0.00
  1105      8         2        0.00        0.00
  1105      8         3        0.00        0.00
  1105      8         4        0.00        0.00
  1105      8         5        0.00        0.00
  1105      8         6        0.00        0.00
  1105      8         7        0.00        0.00
  1105      8         8        0.00        4.49
  1105      8         9        0.00        4.49
  1105      8        10        0.00        0.00
  1105      8        11        0.00        0.00
  1105      8        12        0.00        0.00
  1105      8        13        0.00        0.00
  1105      8        14        0.00        0.00
  1105      8        15        0.00        0.00
  1105      9         1        0.00        0.00
  1105      9         2        0.00        0.00
  1105      9         3        0.00        0.00
  1105      9         4        0.00       10.82
  1105      9         5        0.00        5.41
  1105      9         6        0.00        0.00
  1105      9         7        0.00        5.41
  1105      9         8        0.00        0.00
  1105      9         9        0.00        5.02
  1105      9        10        0.00        0.00
  1105      9        11        0.00        5.41
  1105      9        12        0.00        5.41
  1105      9        13        0.00        0.00
  1105      9        14        0.00        0.00
  1105      9        15        0.00        0.00
  1105     10         1        0.00       33.42
  1105     10         2        0.00       33.42
  1105     10         3        0.00       16.74
  1105     10         4        0.00       19.85
  1105     10         5        0.00       31.24
  1105     10         6        0.00       33.42
  1105     10         7        0.00       31.24
  1105     10         8        0.00       31.24
  1105     10         9        0.00       28.81
  1105     10        10        0.00       16.74
  1105     10        11        0.00       31.24
  1105     10        12        0.00       31.24
  1105     10        13        0.00       33.42
  1105     10        14        0.00       33.42
  1105     10        15        0.00       33.42
  1105     11         1        0.00       26.74
  1105     11         2        0.00       26.74
  1105     11         3        0.00       31.70
  1105     11         4        0.00       25.30
  1105     11         5        0.00       24.41
  1105     11         6        0.00       26.74
  1105     11         7        0.00       24.41
  1105     11         8        0.00       24.41
  1105     11         9        0.00       22.50
  1105     11        10        0.00       31.70
  1105     11        11        0.00       24.41
  1105     11        12        0.00       24.41
  1105     11        13        0.00       26.74
  1105     11        14        0.00       26.74
  1105     11        15        0.00       26.74
  1105     12         1        1.52       18.16
  1105     12         2        0.00       19.68
  1105     12         3        0.03       23.56
  1105     12         4       17.55        1.00
  1105     12         5        2.25       15.60
  1105     12         6        0.00       19.68
  1105     12         7        6.59       11.26
  1105     12         8        0.00       17.84
  1105     12         9       14.67        1.67
  1105     12        10       16.94        6.65
  1105     12        11        5.99       11.85
  1105     12        12       17.84        0.00
  1105     12        13        0.00       19.68
  1105     12        14       17.65        2.04
  1105     12        15        0.00       19.68
