   649      1         1        0.00
   649      1         2        0.00
   649      1         3        0.00
   649      1         4        0.00
   649      2         1        0.00
   649      2         2        0.00
   649      2         3        0.00
   649      2         4        0.00
   649      3         1        0.00
   649      3         2        0.00
   649      3         3        0.00
   649      3         4        0.00
   649      4         1        0.00
   649      4         2        0.00
   649      4         3        0.00
   649      4         4        0.00
   649      5         1        0.00
   649      5         2        0.00
   649      5         3        0.00
   649      5         4        0.00
   649      6         1        0.00
   649      6         2        0.00
   649      6         3        0.00
   649      6         4        0.00
   649      7         1        0.00
   649      7         2        0.00
   649      7         3        0.00
   649      7         4        0.00
   649      8         1        0.00
   649      8         2        0.00
   649      8         3        0.00
   649      8         4        0.00
   649      9         1        0.00
   649      9         2        0.00
   649      9         3        0.00
   649      9         4        0.00
   649     10         1        0.00
   649     10         2        0.00
   649     10         3        0.00
   649     10         4       35.06
   649     11         1        0.00
   649     11         2        0.00
   649     11         3       24.79
   649     11         4       31.03
   649     12         1        0.00
   649     12         2        0.00
   649     12         3       18.67
   649     12         4       18.63
   649     13         1        0.00
   649     13         2        0.00
   649     13         3       16.69
   649     13         4        8.74
