   649      1         1        0.00           0
   649      1         2        0.00           0
   649      1         3        0.00           0
   649      1         4        0.00           0
   649      1         5        0.00           0
   649      1         6        0.00           0
   649      1         7        0.00           0
   649      1         8        0.00           0
   649      1         9        0.00           0
   649      1        10        0.00           0
   649      1        11        0.00           0
   649      1        12        0.00           0
   649      1        13        0.00           0
   649      1        14        0.00           0
   649      1        15        0.00           0
   649      2         1        0.00           0
   649      2         2        0.00           0
   649      2         3        0.00           0
   649      2         4        0.00           0
   649      2         5        0.00           0
   649      2         6        0.00           0
   649      2         7        0.00           0
   649      2         8        0.00           0
   649      2         9        0.00           0
   649      2        10        0.00           0
   649      2        11        0.00           0
   649      2        12        0.00           0
   649      2        13        0.00           0
   649      2        14        0.00           0
   649      2        15        0.00           0
   649      3         1        0.00           0
   649      3         2        0.00           0
   649      3         3        0.00           0
   649      3         4        0.00           0
   649      3         5        0.00           0
   649      3         6        0.00           0
   649      3         7        0.00           0
   649      3         8        0.00           0
   649      3         9        0.00           0
   649      3        10        0.00           0
   649      3        11        0.00           0
   649      3        12        0.00           0
   649      3        13        0.00           0
   649      3        14        0.00           0
   649      3        15        0.00           0
   649      4         1        0.00           0
   649      4         2        0.00           0
   649      4         3        0.00           0
   649      4         4        0.00           0
   649      4         5        0.00           0
   649      4         6        0.00           0
   649      4         7        0.00           0
   649      4         8        0.00           0
   649      4         9        0.00           0
   649      4        10        0.00           0
   649      4        11        0.00           0
   649      4        12        0.00           0
   649      4        13        0.00           0
   649      4        14        0.00           0
   649      4        15        0.00           0
   649      5         1        0.00           0
   649      5         2        0.00           0
   649      5         3        0.00           0
   649      5         4        0.00           0
   649      5         5        0.00           0
   649      5         6        0.00           0
   649      5         7        0.00           0
   649      5         8        0.00           0
   649      5         9        0.00           0
   649      5        10        0.00           0
   649      5        11        0.00           0
   649      5        12        0.00           0
   649      5        13        0.00           0
   649      5        14        0.00           0
   649      5        15        3.67           1
   649      6         1       -0.00           0
   649      6         2        0.00           0
   649      6         3        0.00           0
   649      6         4        0.00           0
   649      6         5        0.00           0
   649      6         6        0.00           0
   649      6         7        0.00           0
   649      6         8        0.00           0
   649      6         9        0.00           0
   649      6        10        0.00           0
   649      6        11        0.00           0
   649      6        12        0.00           0
   649      6        13        0.00           0
   649      6        14        0.00           0
   649      6        15        0.00           0
   649      7         1        0.00           0
   649      7         2        0.00           0
   649      7         3        7.49           1
   649      7         4        0.00           0
   649      7         5        0.00           0
   649      7         6        0.00           0
   649      7         7        0.00           0
   649      7         8        0.00           0
   649      7         9        0.00           0
   649      7        10        0.00           0
   649      7        11        0.00           0
   649      7        12        0.00           0
   649      7        13        0.00           0
   649      7        14        0.00           0
   649      7        15        0.00           0
   649      8         1        0.00           0
   649      8         2        0.00           0
   649      8         3        8.75           1
   649      8         4        0.00           0
   649      8         5        0.00           0
   649      8         6        0.00           0
   649      8         7        0.00           0
   649      8         8        0.00           0
   649      8         9        9.54           1
   649      8        10        0.00           0
   649      8        11        0.00           0
   649      8        12        0.00           0
   649      8        13        0.00           0
   649      8        14        0.00           0
   649      8        15        0.00           0
   649      9         1       23.03           2
   649      9         2        0.00           0
   649      9         3        9.94           1
   649      9         4        0.00           0
   649      9         5       23.03           2
   649      9         6       23.03           2
   649      9         7        0.00           0
   649      9         8        0.00           0
   649      9         9       21.45           2
   649      9        10       11.52           1
   649      9        11       23.03           2
   649      9        12       23.03           2
   649      9        13        0.00           0
   649      9        14        0.00           0
   649      9        15       21.45           2
   649     10         1       62.71           2
   649     10         2       71.26           2
   649     10         3       10.93           1
   649     10         4       56.54           2
   649     10         5       62.71           2
   649     10         6       26.58           2
   649     10         7       71.26           2
   649     10         8       71.26           2
   649     10         9       57.85           2
   649     10        10       67.03           2
   649     10        11       62.71           2
   649     10        12       62.71           2
   649     10        13        0.00           0
   649     10        14       56.54           2
   649     10        15       10.93           1
   649     11         1       48.99           2
   649     11         2       59.30           2
   649     11         3       62.04           2
   649     11         4       63.41           2
   649     11         5       49.73           2
   649     11         6       41.97           2
   649     11         7       57.08           2
   649     11         8       59.30           2
   649     11         9       17.97           2
   649     11        10       37.59           2
   649     11        11       49.73           2
   649     11        12       19.21           2
   649     11        13       28.05           1
   649     11        14       43.53           2
   649     11        15       62.04           2
   649     12         1       37.26           2
   649     12         2       44.57           2
   649     12         3       46.73           2
   649     12         4       47.80           2
   649     12         5       37.02           2
   649     12         6       51.93           2
   649     12         7       45.26           2
   649     12         8       44.57           2
   649     12         9       29.85           2
   649     12        10       46.02           2
   649     12        11       37.02           2
   649     12        12       46.59           2
   649     12        13       71.16           2
   649     12        14       37.32           2
   649     12        15       46.73           2
   649     13         1       24.29           2
   649     13         2       30.05           2
   649     13         3       31.75           2
   649     13         4       32.60           2
   649     13         5       24.10           2
   649     13         6       35.86           2
   649     13         7       21.80           2
   649     13         8       30.05           2
   649     13         9       32.67           2
   649     13        10       31.19           2
   649     13        11       17.50           2
   649     13        12       31.64           2
   649     13        13       63.41           2
   649     13        14       42.75           2
   649     13        15       31.75           2
