   649      1         1        0.00        0.00
   649      1         2        0.00        0.00
   649      1         3        0.00        0.00
   649      1         4        0.00        0.00
   649      1         5        0.00        0.00
   649      1         6        0.00        0.00
   649      1         7        0.00        0.00
   649      1         8        0.00        0.00
   649      1         9        0.00        0.00
   649      1        10        0.00        0.00
   649      1        11        0.00        0.00
   649      1        12        0.00        0.00
   649      1        13        0.00        0.00
   649      1        14        0.00        0.00
   649      1        15        0.00        0.00
   649      2         1        0.00        0.00
   649      2         2        0.00        0.00
   649      2         3        0.00        0.00
   649      2         4        0.00        0.00
   649      2         5        0.00        0.00
   649      2         6        0.00        0.00
   649      2         7        0.00        0.00
   649      2         8        0.00        0.00
   649      2         9        0.00        0.00
   649      2        10        0.00        0.00
   649      2        11        0.00        0.00
   649      2        12        0.00        0.00
   649      2        13        0.00        0.00
   649      2        14        0.00        0.00
   649      2        15        0.00        0.00
   649      3         1        0.00        0.00
   649      3         2        0.00        0.00
   649      3         3        0.00        0.00
   649      3         4        0.00        0.00
   649      3         5        0.00        0.00
   649      3         6        0.00        0.00
   649      3         7        0.00        0.00
   649      3         8        0.00        0.00
   649      3         9        0.00        0.00
   649      3        10        0.00        0.00
   649      3        11        0.00        0.00
   649      3        12        0.00        0.00
   649      3        13        0.00        0.00
   649      3        14        0.00        0.00
   649      3        15        0.00        0.00
   649      4         1        0.00        0.00
   649      4         2        0.00        0.00
   649      4         3        0.00        0.00
   649      4         4        0.00        0.00
   649      4         5        0.00        0.00
   649      4         6        0.00        0.00
   649      4         7        0.00        0.00
   649      4         8        0.00        0.00
   649      4         9        0.00        0.00
   649      4        10        0.00        0.00
   649      4        11        0.00        0.00
   649      4        12        0.00        0.00
   649      4        13        0.00        0.00
   649      4        14        0.00        0.00
   649      4        15        0.00        0.00
   649      5         1        0.00        0.00
   649      5         2        0.00        0.00
   649      5         3        0.00        0.00
   649      5         4        0.00        0.00
   649      5         5        0.00        0.00
   649      5         6        0.00        0.00
   649      5         7        0.00        0.00
   649      5         8        0.00        0.00
   649      5         9        0.00        0.00
   649      5        10        0.00        0.00
   649      5        11        0.00        0.00
   649      5        12        0.00        0.00
   649      5        13        0.00        0.00
   649      5        14        0.00        0.00
   649      5        15        0.00        1.83
   649      6         1        0.00       -0.00
   649      6         2        0.00        0.00
   649      6         3        0.00        0.00
   649      6         4        0.00        0.00
   649      6         5        0.00        0.00
   649      6         6        0.00        0.00
   649      6         7        0.00        0.00
   649      6         8        0.00        0.00
   649      6         9        0.00        0.00
   649      6        10        0.00        0.00
   649      6        11        0.00        0.00
   649      6        12        0.00        0.00
   649      6        13        0.00        0.00
   649      6        14        0.00        0.00
   649      6        15        0.00        0.00
   649      7         1        0.00        0.00
   649      7         2        0.00        0.00
   649      7         3        0.00        3.75
   649      7         4        0.00        0.00
   649      7         5        0.00        0.00
   649      7         6        0.00        0.00
   649      7         7        0.00        0.00
   649      7         8        0.00        0.00
   649      7         9        0.00        0.00
   649      7        10        0.00        0.00
   649      7        11        0.00        0.00
   649      7        12        0.00        0.00
   649      7        13        0.00        0.00
   649      7        14        0.00        0.00
   649      7        15        0.00        0.00
   649      8         1        0.00        0.00
   649      8         2        0.00        0.00
   649      8         3        0.00        4.38
   649      8         4        0.00        0.00
   649      8         5        0.00        0.00
   649      8         6        0.00        0.00
   649      8         7        0.00        0.00
   649      8         8        0.00        0.00
   649      8         9        0.00        4.77
   649      8        10        0.00        0.00
   649      8        11        0.00        0.00
   649      8        12        0.00        0.00
   649      8        13        0.00        0.00
   649      8        14        0.00        0.00
   649      8        15        0.00        0.00
   649      9         1        0.00       11.52
   649      9         2        0.00        0.00
   649      9         3        0.00        4.97
   649      9         4        0.00        0.00
   649      9         5        0.00       11.52
   649      9         6        0.00       11.52
   649      9         7        0.00        0.00
   649      9         8        0.00        0.00
   649      9         9        0.00       10.73
   649      9        10        0.00        5.76
   649      9        11        0.00       11.52
   649      9        12        0.00       11.52
   649      9        13        0.00        0.00
   649      9        14        0.00        0.00
   649      9        15        0.00       10.73
   649     10         1        0.00       31.36
   649     10         2       35.04        0.59
   649     10         3        0.00        5.46
   649     10         4        0.00       28.27
   649     10         5        0.00       31.36
   649     10         6       13.29        0.00
   649     10         7        0.00       35.63
   649     10         8        0.00       35.63
   649     10         9        9.29       19.64
   649     10        10        0.47       33.05
   649     10        11       31.36        0.00
   649     10        12        0.00       31.36
   649     10        13        0.00        0.00
   649     10        14        0.00       28.27
   649     10        15        0.00        5.46
   649     11         1       24.49        0.00
   649     11         2       26.31        3.34
   649     11         3       31.02        0.00
   649     11         4       26.68        5.02
   649     11         5       24.87        0.00
   649     11         6        0.00       20.99
   649     11         7       28.54        0.00
   649     11         8        0.00       29.65
   649     11         9        0.00        8.99
   649     11        10        0.00       18.80
   649     11        11       20.15        4.72
   649     11        12        0.00        9.61
   649     11        13       14.02        0.00
   649     11        14       19.18        2.58
   649     11        15        7.69       23.33
   649     12         1       18.63        0.00
   649     12         2       10.34       11.94
   649     12         3       18.64        4.72
   649     12         4        2.44       21.46
   649     12         5       15.17        3.34
   649     12         6        0.00       25.97
   649     12         7        0.00       22.63
   649     12         8        0.00       22.28
   649     12         9        0.00       14.93
   649     12        10        4.95       18.06
   649     12        11       17.02        1.50
   649     12        12       18.64        4.66
   649     12        13       18.65       16.93
   649     12        14       18.66        0.00
   649     12        15        0.00       23.36
   649     13         1       10.84        1.30
   649     13         2        0.00       15.03
   649     13         3        0.00       15.88
   649     13         4       15.13        1.17
   649     13         5        4.27        7.78
   649     13         6       14.42        3.51
   649     13         7       10.90        0.00
   649     13         8       11.82        3.21
   649     13         9        0.00       16.33
   649     13        10        0.00       15.60
   649     13        11        8.75        0.00
   649     13        12        9.43        6.39
   649     13        13        0.00       31.70
   649     13        14       14.91        6.46
   649     13        15       11.39        4.49
