 Cycle Period  BidPrice Bid Volumes
   191      1         1        0.00
   191      1         2        0.00
   191      1         3        0.00
   191      1         4        0.00
   191      2         1        0.00
   191      2         2        0.00
   191      2         3        0.00
   191      2         4        0.00
   191      3         1        0.00
   191      3         2        0.00
   191      3         3        0.00
   191      3         4        0.00
   191      4         1        0.00
   191      4         2        0.00
   191      4         3        0.00
   191      4         4        0.00
   191      5         1        0.00
   191      5         2        0.00
   191      5         3        0.00
   191      5         4        0.00
   191      6         1        0.00
   191      6         2        0.00
   191      6         3        0.00
   191      6         4        0.00
   191      7         1        0.00
   191      7         2        0.00
   191      7         3        0.00
   191      7         4        0.00
   191      8         1        0.00
   191      8         2        0.00
   191      8         3        0.00
   191      8         4        0.00
   191      9         1        0.00
   191      9         2        0.00
   191      9         3        0.00
   191      9         4        0.00
   191     10         1        0.00
   191     10         2        0.00
   191     10         3        0.00
   191     10         4        0.00
   191     11         1        0.00
   191     11         2        0.00
   191     11         3        0.00
   191     11         4        0.00
   191     12         1        0.00
   191     12         2        0.00
   191     12         3        0.00
   191     12         4        0.00
   194      1         1        0.00
   194      1         2        0.00
   194      1         3        0.00
   194      1         4        0.00
   194      2         1        0.00
   194      2         2        0.00
   194      2         3        0.00
   194      2         4        0.00
   194      3         1        0.00
   194      3         2        0.00
   194      3         3        0.00
   194      3         4        0.00
   194      4         1        0.00
   194      4         2        0.00
   194      4         3        0.00
   194      4         4        0.00
   194      5         1        0.00
   194      5         2        0.00
   194      5         3        0.00
   194      5         4        0.00
   194      6         1        0.00
   194      6         2        0.00
   194      6         3        0.00
   194      6         4        0.00
   194      7         1        0.00
   194      7         2        0.00
   194      7         3        0.00
   194      7         4        0.00
   194      8         1        0.00
   194      8         2        0.00
   194      8         3        0.00
   194      8         4        0.00
   194      9         1        0.00
   194      9         2        0.00
   194      9         3        0.00
   194      9         4        0.00
   194     10         1        0.00
   194     10         2        0.00
   194     10         3        0.00
   194     10         4        0.00
   194     11         1        0.00
   194     11         2        0.00
   194     11         3        0.00
   194     11         4        0.00
   194     12         1        0.00
   194     12         2        0.00
   194     12         3        0.00
   194     12         4        0.00
   197      1         1        0.00
   197      1         2        0.00
   197      1         3        0.00
   197      1         4        0.00
   197      2         1        0.00
   197      2         2        0.00
   197      2         3        0.00
   197      2         4        0.00
   197      3         1        0.00
   197      3         2        0.00
   197      3         3        0.00
   197      3         4        0.00
   197      4         1        0.00
   197      4         2        0.00
   197      4         3        0.00
   197      4         4        0.00
   197      5         1        0.00
   197      5         2        0.00
   197      5         3        0.00
   197      5         4        0.00
   197      6         1        0.00
   197      6         2        0.00
   197      6         3        0.00
   197      6         4        0.00
   197      7         1        0.00
   197      7         2        0.00
   197      7         3        0.00
   197      7         4        0.00
   197      8         1        0.00
   197      8         2        0.00
   197      8         3        0.00
   197      8         4        0.00
   197      9         1        0.00
   197      9         2        0.00
   197      9         3        0.00
   197      9         4        0.00
   197     10         1        0.00
   197     10         2        0.00
   197     10         3        0.00
   197     10         4        0.00
   197     11         1        0.00
   197     11         2        0.00
   197     11         3        0.00
   197     11         4        0.00
   197     12         1        0.00
   197     12         2        0.00
   197     12         3        0.00
   197     12         4        0.00
   200      1         1        0.00
   200      1         2        0.00
   200      1         3        0.00
   200      1         4        0.00
   200      2         1        0.00
   200      2         2        0.00
   200      2         3        0.00
   200      2         4        0.00
   200      3         1        0.00
   200      3         2        0.00
   200      3         3        0.00
   200      3         4        0.00
   200      4         1        0.00
   200      4         2        0.00
   200      4         3        0.00
   200      4         4        0.00
   200      5         1        0.00
   200      5         2        0.00
   200      5         3        0.00
   200      5         4        0.00
   200      6         1        0.00
   200      6         2        0.00
   200      6         3        0.00
   200      6         4        0.00
   200      7         1        0.00
   200      7         2        0.00
   200      7         3        0.00
   200      7         4        0.00
   200      8         1        0.00
   200      8         2        0.00
   200      8         3        0.00
   200      8         4        0.00
   200      9         1        0.00
   200      9         2       48.26
   200      9         3       48.26
   200      9         4       48.26
   200     10         1       45.93
   200     10         2       45.93
   200     10         3       45.93
   200     10         4       45.93
   200     11         1       16.43
   200     11         2       42.22
   200     11         3       42.22
   200     11         4       42.22
   203      1         1        0.00
   203      1         2        0.00
   203      1         3        0.00
   203      1         4        0.00
   203      2         1        0.00
   203      2         2        0.00
   203      2         3        0.00
   203      2         4        0.00
   203      3         1        0.00
   203      3         2        0.00
   203      3         3        0.00
   203      3         4        0.00
   203      4         1        0.00
   203      4         2        0.00
   203      4         3        0.00
   203      4         4        0.00
   203      5         1        0.00
   203      5         2        0.00
   203      5         3        0.00
   203      5         4        0.00
   203      6         1        0.00
   203      6         2        0.00
   203      6         3        0.00
   203      6         4        0.00
   203      7         1        0.00
   203      7         2        0.00
   203      7         3        0.00
   203      7         4        0.00
   203      8         1        0.00
   203      8         2        0.00
   203      8         3        0.00
   203      8         4        0.00
   203      9         1        0.00
   203      9         2        0.00
   203      9         3        0.00
   203      9         4        0.00
   203     10         1        0.00
   203     10         2        0.00
   203     10         3        0.00
   203     10         4        0.00
   203     11         1        0.00
   203     11         2        0.00
   203     11         3        0.00
   203     11         4        0.00
   206      1         1        0.00
   206      1         2        0.00
   206      1         3        0.00
   206      1         4        0.00
   206      2         1        0.00
   206      2         2        0.00
   206      2         3        0.00
   206      2         4        0.00
   206      3         1        0.00
   206      3         2        0.00
   206      3         3        0.00
   206      3         4        0.00
   206      4         1        0.00
   206      4         2        0.00
   206      4         3        0.00
   206      4         4        0.00
   206      5         1        0.00
   206      5         2        0.00
   206      5         3        0.00
   206      5         4        0.00
   206      6         1        0.00
   206      6         2        0.00
   206      6         3        0.00
   206      6         4        0.00
   206      7         1        0.00
   206      7         2        0.00
   206      7         3        0.00
   206      7         4        0.00
   206      8         1        0.00
   206      8         2        0.00
   206      8         3        0.00
   206      8         4        0.00
   206      9         1       63.88
   206      9         2       63.88
   206      9         3       63.88
   206      9         4       63.88
   206     10         1       63.68
   206     10         2       63.68
   206     10         3       63.68
   206     10         4       63.68
   206     11         1       87.43
   206     11         2       87.43
   206     11         3       87.43
   206     11         4       87.43
   209      1         1        0.00
   209      1         2        0.00
   209      1         3        0.00
   209      1         4        0.00
   209      2         1        0.00
   209      2         2        0.00
   209      2         3        0.00
   209      2         4        0.00
   209      3         1        0.00
   209      3         2        0.00
   209      3         3        0.00
   209      3         4        0.00
   209      4         1        0.00
   209      4         2        0.00
   209      4         3        0.00
   209      4         4        0.00
   209      5         1        0.00
   209      5         2        0.00
   209      5         3        0.00
   209      5         4        0.00
   209      6         1        0.00
   209      6         2        0.00
   209      6         3        0.00
   209      6         4       -0.00
   209      7         1        0.00
   209      7         2        0.00
   209      7         3        0.00
   209      7         4        0.00
   209      8         1       40.83
   209      8         2       40.46
   209      8         3       40.46
   209      8         4       41.81
   209      9         1       59.72
   209      9         2       60.52
   209      9         3       60.36
   209      9         4       60.68
   209     10         1       94.24
   209     10         2       94.40
   209     10         3       94.87
   209     10         4       94.95
   209     11         1       84.77
   209     11         2       85.24
   209     11         3       84.82
   209     11         4       85.14
   212      1         1        0.00
   212      1         2        0.00
   212      1         3        0.00
   212      1         4        0.00
   212      2         1        0.00
   212      2         2        0.00
   212      2         3        0.00
   212      2         4        0.00
   212      3         1        0.00
   212      3         2        0.00
   212      3         3        0.00
   212      3         4        0.00
   212      4         1        0.00
   212      4         2        0.00
   212      4         3        0.00
   212      4         4        0.00
   212      5         1        0.00
   212      5         2        0.00
   212      5         3        0.00
   212      5         4        0.00
   212      6         1        0.00
   212      6         2        0.00
   212      6         3        0.00
   212      6         4        0.00
   212      7         1        0.00
   212      7         2        0.00
   212      7         3        0.00
   212      7         4        0.00
   212      8         1       59.61
   212      8         2       61.95
   212      8         3       61.95
   212      8         4       61.95
   212      9         1       60.94
   212      9         2       60.22
   212      9         3       60.38
   212      9         4       60.26
   212     10         1       96.87
   212     10         2       97.96
   212     10         3       98.00
   212     10         4       97.94
   212     11         1       88.57
   212     11         2       88.52
   212     11         3       87.73
   212     11         4       88.87
   215      1         1        0.00
   215      1         2        0.00
   215      1         3        0.00
   215      1         4        0.00
   215      2         1        0.00
   215      2         2        0.00
   215      2         3        0.00
   215      2         4        0.00
   215      3         1        0.00
   215      3         2        0.00
   215      3         3        0.00
   215      3         4        0.00
   215      4         1        0.00
   215      4         2        0.00
   215      4         3        0.00
   215      4         4        0.00
   215      5         1        0.00
   215      5         2        0.00
   215      5         3        0.00
   215      5         4        0.00
   215      6         1        0.00
   215      6         2        0.00
   215      6         3        0.00
   215      6         4        0.00
   215      7         1        0.00
   215      7         2        0.00
   215      7         3        0.00
   215      7         4        0.00
   215      8         1       63.85
   215      8         2       63.85
   215      8         3       63.85
   215      8         4       63.85
   215      9         1       62.66
   215      9         2       62.66
   215      9         3       62.66
   215      9         4       62.66
   215     10         1      102.35
   215     10         2      102.35
   215     10         3      102.35
   215     10         4      102.35
   215     11         1       92.60
   215     11         2       92.60
   215     11         3       92.60
   215     11         4       92.60
   218      1         1        0.00
   218      1         2        0.00
   218      1         3        0.00
   218      1         4        0.00
   218      2         1        0.00
   218      2         2        0.00
   218      2         3        0.00
   218      2         4        0.00
   218      3         1        0.00
   218      3         2        0.00
   218      3         3        0.00
   218      3         4        0.00
   218      4         1        0.00
   218      4         2        0.00
   218      4         3        0.00
   218      4         4        0.00
   218      5         1        0.00
   218      5         2        0.00
   218      5         3        0.00
   218      5         4        0.00
   218      6         1        0.00
   218      6         2        0.00
   218      6         3        0.00
   218      6         4        0.00
   218      7         1       11.55
   218      7         2       37.23
   218      7         3       34.98
   218      7         4       44.90
   218      8         1       38.75
   218      8         2       40.15
   218      8         3       37.90
   218      8         4       57.51
   218      9         1       66.96
   218      9         2       42.59
   218      9         3       58.01
   218      9         4       66.36
   218     10         1      102.23
   218     10         2       80.64
   218     10         3       99.54
   218     10         4       92.29
   218     11         1       56.75
   218     11         2       91.11
   218     11         3       89.14
   218     11         4       95.03
   621      1         1        0.00
   621      1         2        0.00
   621      1         3        0.00
   621      1         4        0.00
   621      2         1        0.00
   621      2         2        0.00
   621      2         3        0.00
   621      2         4        0.00
   621      3         1        0.00
   621      3         2        0.00
   621      3         3        0.00
   621      3         4        0.00
   621      4         1        0.00
   621      4         2        0.00
   621      4         3        0.00
   621      4         4        0.00
   621      5         1        0.00
   621      5         2        0.00
   621      5         3        0.00
   621      5         4        0.00
   621      6         1        0.00
   621      6         2        0.00
   621      6         3        0.00
   621      6         4        0.00
   621      7         1        0.00
   621      7         2        0.00
   621      7         3        0.00
   621      7         4        0.00
   621      8         1        0.00
   621      8         2        0.00
   621      8         3        0.00
   621      8         4        0.00
   621      9         1       71.51
   621      9         2       65.71
   621      9         3       35.69
   621      9         4       70.16
   621     10         1      119.93
   621     10         2      116.95
   621     10         3      118.05
   621     10         4      116.71
   621     11         1       63.00
   621     11         2      106.39
   621     11         3       37.28
   621     11         4      110.57
   624      1         1        0.00
   624      1         2        0.00
   624      1         3        0.00
   624      1         4        0.00
   624      2         1        0.00
   624      2         2        0.00
   624      2         3        0.00
   624      2         4        0.00
   624      3         1        0.00
   624      3         2        0.00
   624      3         3        0.00
   624      3         4        0.00
   624      4         1        0.00
   624      4         2        0.00
   624      4         3        0.00
   624      4         4        0.00
   624      5         1        0.00
   624      5         2        0.00
   624      5         3        0.00
   624      5         4        0.00
   624      6         1        0.00
   624      6         2        0.00
   624      6         3        0.00
   624      6         4        0.00
   624      7         1        0.00
   624      7         2        0.00
   624      7         3        0.00
   624      7         4        0.00
   624      8         1       59.06
   624      8         2       59.06
   624      8         3       59.06
   624      8         4       59.06
   624      9         1       42.17
   624      9         2       45.16
   624      9         3       42.07
   624      9         4       41.72
   624     10         1       93.13
   624     10         2       92.80
   624     10         3       92.73
   624     10         4       92.75
   624     11         1       82.72
   624     11         2       83.06
   624     11         3       82.87
   624     11         4       82.88
   627      1         1        0.00
   627      1         2        0.00
   627      1         3        0.00
   627      1         4        0.00
   627      2         1        0.00
   627      2         2        0.00
   627      2         3        0.00
   627      2         4        0.00
   627      3         1        0.00
   627      3         2        0.00
   627      3         3        0.00
   627      3         4        0.00
   627      4         1        0.00
   627      4         2        0.00
   627      4         3        0.00
   627      4         4        0.00
   627      5         1        0.00
   627      5         2        0.00
   627      5         3        0.00
   627      5         4        0.00
   627      6         1        0.00
   627      6         2        0.00
   627      6         3        0.00
   627      6         4        0.00
   627      7         1        0.00
   627      7         2        0.00
   627      7         3        0.00
   627      7         4        0.00
   627      8         1        0.00
   627      8         2        0.00
   627      8         3        0.00
   627      8         4        0.00
   627      9         1       63.77
   627      9         2       63.77
   627      9         3       63.77
   627      9         4       63.77
   627     10         1       63.33
   627     10         2       63.33
   627     10         3       63.33
   627     10         4       63.33
   627     11         1       86.28
   627     11         2       86.28
   627     11         3       86.28
   627     11         4       86.28
   630      1         1        0.00
   630      1         2        0.00
   630      1         3        0.00
   630      1         4        0.00
   630      2         1        0.00
   630      2         2        0.00
   630      2         3        0.00
   630      2         4        0.00
   630      3         1        0.00
   630      3         2        0.00
   630      3         3        0.00
   630      3         4        0.00
   630      4         1        0.00
   630      4         2        0.00
   630      4         3        0.00
   630      4         4        0.00
   630      5         1        0.00
   630      5         2        0.00
   630      5         3        0.00
   630      5         4        0.00
   630      6         1        0.00
   630      6         2        0.00
   630      6         3        0.00
   630      6         4        0.00
   630      7         1        0.00
   630      7         2        0.00
   630      7         3        0.00
   630      7         4        0.00
   630      8         1       47.74
   630      8         2       47.74
   630      8         3       47.74
   630      8         4       47.74
   630      9         1       47.52
   630      9         2       47.52
   630      9         3       47.52
   630      9         4       47.52
   630     10         1       46.15
   630     10         2       46.15
   630     10         3       46.15
   630     10         4       46.15
   630     11         1       43.11
   630     11         2       43.11
   630     11         3       43.11
   630     11         4       43.11
   633      1         1        0.00
   633      1         2        0.00
   633      1         3        0.00
   633      1         4        0.00
   633      2         1        0.00
   633      2         2        0.00
   633      2         3        0.00
   633      2         4        0.00
   633      3         1        0.00
   633      3         2        0.00
   633      3         3        0.00
   633      3         4        0.00
   633      4         1        0.00
   633      4         2        0.00
   633      4         3        0.00
   633      4         4        0.00
   633      5         1        0.00
   633      5         2        0.00
   633      5         3        0.00
   633      5         4        0.00
   633      6         1        0.00
   633      6         2        0.00
   633      6         3        0.00
   633      6         4        0.00
   633      7         1        0.00
   633      7         2        0.00
   633      7         3        0.00
   633      7         4        0.00
   633      8         1        0.00
   633      8         2        0.00
   633      8         3        0.00
   633      8         4        0.00
   633      9         1        0.00
   633      9         2        0.00
   633      9         3        0.00
   633      9         4        0.00
   633     10         1        0.00
   633     10         2        0.00
   633     10         3        0.00
   633     10         4        0.00
   633     11         1        0.00
   633     11         2        0.00
   633     11         3        0.00
   633     11         4        0.00
   636      1         1        0.00
   636      1         2        0.00
   636      1         3        0.00
   636      1         4        0.00
   636      2         1        0.00
   636      2         2        0.00
   636      2         3        0.00
   636      2         4        0.00
   636      3         1        0.00
   636      3         2        0.00
   636      3         3        0.00
   636      3         4        0.00
   636      4         1        0.00
   636      4         2        0.00
   636      4         3        0.00
   636      4         4        0.00
   636      5         1        0.00
   636      5         2        0.00
   636      5         3        0.00
   636      5         4        0.00
   636      6         1        0.00
   636      6         2        0.00
   636      6         3        0.00
   636      6         4        0.00
   636      7         1        0.00
   636      7         2        0.00
   636      7         3        0.00
   636      7         4        0.00
   636      8         1        0.00
   636      8         2        0.00
   636      8         3        0.00
   636      8         4        0.00
   636      9         1        0.00
   636      9         2        0.00
   636      9         3        0.00
   636      9         4        0.00
   636     10         1        0.00
   636     10         2        0.00
   636     10         3        0.00
   636     10         4        0.00
   636     11         1        0.00
   636     11         2        0.00
   636     11         3        0.00
   636     11         4        0.00
   639      1         1        0.00
   639      1         2        0.00
   639      1         3        0.00
   639      1         4        0.00
   639      2         1        0.00
   639      2         2        0.00
   639      2         3        0.00
   639      2         4        0.00
   639      3         1        0.00
   639      3         2        0.00
   639      3         3        0.00
   639      3         4        0.00
   639      4         1        0.00
   639      4         2        0.00
   639      4         3        0.00
   639      4         4        0.00
   639      5         1        0.00
   639      5         2        0.00
   639      5         3        0.00
   639      5         4        0.00
   639      6         1        0.00
   639      6         2        0.00
   639      6         3        0.00
   639      6         4        0.00
   639      7         1        0.00
   639      7         2        0.00
   639      7         3        0.00
   639      7         4        0.00
   639      8         1        0.00
   639      8         2        0.00
   639      8         3        0.00
   639      8         4        0.00
   639      9         1        0.00
   639      9         2        0.00
   639      9         3        0.00
   639      9         4        0.00
   639     10         1        0.00
   639     10         2        0.00
   639     10         3        0.00
   639     10         4        0.00
   639     11         1        0.00
   639     11         2        0.00
   639     11         3        0.00
   639     11         4        0.00
   642      1         1        0.00
   642      1         2        0.00
   642      1         3        0.00
   642      1         4        0.00
   642      2         1        0.00
   642      2         2        0.00
   642      2         3        0.00
   642      2         4        0.00
   642      3         1        0.00
   642      3         2        0.00
   642      3         3        0.00
   642      3         4        0.00
   642      4         1        0.00
   642      4         2        0.00
   642      4         3        0.00
   642      4         4        0.00
   642      5         1        0.00
   642      5         2        0.00
   642      5         3        0.00
   642      5         4        0.00
   642      6         1        0.00
   642      6         2        0.00
   642      6         3        0.00
   642      6         4        0.00
   642      7         1        0.00
   642      7         2        0.00
   642      7         3        0.00
   642      7         4        0.00
   642      8         1        0.00
   642      8         2        0.00
   642      8         3        0.00
   642      8         4        0.00
   642      9         1        0.00
   642      9         2        0.00
   642      9         3        0.00
   642      9         4        0.00
   642     10         1        9.73
   642     10         2        7.36
   642     10         3       21.60
   642     10         4       12.03
   642     11         1        0.00
   642     11         2       16.01
   642     11         3       26.68
   642     11         4       21.99
   642     12         1        0.00
   642     12         2       21.46
   642     12         3       17.77
   642     12         4       20.98
   645      1         1        0.00
   645      1         2        0.00
   645      1         3        0.00
   645      1         4        0.00
   645      2         1        0.00
   645      2         2        0.00
   645      2         3        0.00
   645      2         4        0.00
   645      3         1        0.00
   645      3         2        0.00
   645      3         3        0.00
   645      3         4        0.00
   645      4         1        0.00
   645      4         2        0.00
   645      4         3        0.00
   645      4         4        0.00
   645      5         1        0.00
   645      5         2        0.00
   645      5         3        0.00
   645      5         4        0.00
   645      6         1        0.00
   645      6         2        0.00
   645      6         3        0.00
   645      6         4        0.00
   645      7         1        0.00
   645      7         2        0.00
   645      7         3        0.00
   645      7         4        0.00
   645      8         1        0.00
   645      8         2        0.00
   645      8         3        0.00
   645      8         4        0.00
   645      9         1        0.00
   645      9         2        0.00
   645      9         3        0.00
   645      9         4        0.00
   645     10         1        0.00
   645     10         2        0.00
   645     10         3        0.00
   645     10         4        0.00
   645     11         1        0.00
   645     11         2        0.00
   645     11         3        0.00
   645     11         4        0.00
   645     12         1        0.00
   645     12         2        0.00
   645     12         3        0.00
   645     12         4        0.00
   648      1         1        0.00
   648      1         2        0.00
   648      1         3        0.00
   648      1         4        0.00
   648      2         1        0.00
   648      2         2        0.00
   648      2         3        0.00
   648      2         4        0.00
   648      3         1        0.00
   648      3         2        0.00
   648      3         3        0.00
   648      3         4        0.00
   648      4         1        0.00
   648      4         2        0.00
   648      4         3        0.00
   648      4         4        0.00
   648      5         1        0.00
   648      5         2        0.00
   648      5         3        0.00
   648      5         4        0.00
   648      6         1        0.00
   648      6         2        0.00
   648      6         3        0.00
   648      6         4        0.00
   648      7         1        0.00
   648      7         2        0.00
   648      7         3        0.00
   648      7         4        0.00
   648      8         1        0.00
   648      8         2        0.00
   648      8         3        0.00
   648      8         4        0.00
   648      9         1        0.00
   648      9         2        0.00
   648      9         3        0.00
   648      9         4        0.00
   648     10         1        0.00
   648     10         2        0.00
   648     10         3        0.00
   648     10         4        0.00
   648     11         1        0.00
   648     11         2        0.00
   648     11         3        0.00
   648     11         4        0.00
   648     12         1        0.00
   648     12         2        0.00
   648     12         3        0.00
   648     12         4        0.00
  1102      1         1        0.00
  1102      1         2        0.00
  1102      1         3        0.00
  1102      1         4        0.00
  1102      2         1        0.00
  1102      2         2        0.00
  1102      2         3        0.00
  1102      2         4        0.00
  1102      3         1        0.00
  1102      3         2        0.00
  1102      3         3        0.00
  1102      3         4        0.00
  1102      4         1        0.00
  1102      4         2        0.00
  1102      4         3        0.00
  1102      4         4        0.00
  1102      5         1        0.00
  1102      5         2        0.00
  1102      5         3        0.00
  1102      5         4        0.00
  1102      6         1        0.00
  1102      6         2        0.00
  1102      6         3        0.00
  1102      6         4        0.00
  1102      7         1        0.00
  1102      7         2        0.00
  1102      7         3        0.00
  1102      7         4        0.00
  1102      8         1        0.00
  1102      8         2        0.00
  1102      8         3        0.00
  1102      8         4        0.00
  1102      9         1        0.00
  1102      9         2        0.00
  1102      9         3        0.00
  1102      9         4        0.00
  1102     10         1        0.00
  1102     10         2        0.00
  1102     10         3        0.00
  1102     10         4        0.00
  1102     11         1        0.00
  1102     11         2        0.00
  1102     11         3        0.00
  1102     11         4        0.00
  1102     12         1        0.00
  1102     12         2        0.00
  1102     12         3        0.00
  1102     12         4        0.00
  1105      1         1        0.00
  1105      1         2        0.00
  1105      1         3        0.00
  1105      1         4        0.00
  1105      2         1        0.00
  1105      2         2        0.00
  1105      2         3        0.00
  1105      2         4        0.00
  1105      3         1        0.00
  1105      3         2        0.00
  1105      3         3        0.00
  1105      3         4        0.00
  1105      4         1        0.00
  1105      4         2        0.00
  1105      4         3        0.00
  1105      4         4        0.00
  1105      5         1        0.00
  1105      5         2        0.00
  1105      5         3        0.00
  1105      5         4        0.00
  1105      6         1        0.00
  1105      6         2        0.00
  1105      6         3        0.00
  1105      6         4        0.00
  1105      7         1        7.06
  1105      7         2        7.06
  1105      7         3        7.06
  1105      7         4        7.06
  1105      8         1        7.40
  1105      8         2        7.40
  1105      8         3        7.40
  1105      8         4        7.40
  1105      9         1        7.67
  1105      9         2        7.67
  1105      9         3        7.67
  1105      9         4        7.67
  1105     10         1        3.87
  1105     10         2        3.87
  1105     10         3       17.84
  1105     10         4       19.10
  1105     11         1        0.00
  1105     11         2       19.38
  1105     11         3       10.12
  1105     11         4       15.21
  1105     12         1       11.06
  1105     12         2       12.28
  1105     12         3        7.50
  1105     12         4       11.29
  1108      1         1        0.00
  1108      1         2        0.00
  1108      1         3        0.00
  1108      1         4        0.00
  1108      2         1        0.00
  1108      2         2        0.00
  1108      2         3        0.00
  1108      2         4        0.00
  1108      3         1        0.00
  1108      3         2        0.00
  1108      3         3        0.00
  1108      3         4        0.00
  1108      4         1        0.00
  1108      4         2        0.00
  1108      4         3        0.00
  1108      4         4        0.00
  1108      5         1        2.02
  1108      5         2        2.02
  1108      5         3        2.02
  1108      5         4        2.02
  1108      6         1        0.00
  1108      6         2        0.00
  1108      6         3        0.00
  1108      6         4        0.00
  1108      7         1        0.00
  1108      7         2        0.00
  1108      7         3        0.00
  1108      7         4        0.00
  1108      8         1        0.00
  1108      8         2        0.00
  1108      8         3        0.00
  1108      8         4        0.00
  1108      9         1       14.62
  1108      9         2       12.58
  1108      9         3       12.13
  1108      9         4       15.69
  1108     10         1        6.50
  1108     10         2       16.56
  1108     10         3       13.23
  1108     10         4        9.60
  1108     11         1       12.08
  1108     11         2       12.64
  1108     11         3        7.92
  1108     11         4        8.10
  1108     12         1        6.48
  1108     12         2        6.55
  1108     12         3        6.94
  1108     12         4        5.99
  1111      1         1        0.00
  1111      1         2        0.00
  1111      1         3        0.00
  1111      1         4        0.00
  1111      2         1        0.00
  1111      2         2        0.00
  1111      2         3        0.00
  1111      2         4        0.00
  1111      3         1        0.00
  1111      3         2        0.00
  1111      3         3        0.00
  1111      3         4        0.00
  1111      4         1        0.00
  1111      4         2        0.00
  1111      4         3        0.00
  1111      4         4        0.00
  1111      5         1        0.00
  1111      5         2        0.00
  1111      5         3        0.00
  1111      5         4        0.00
  1111      6         1        0.00
  1111      6         2        0.00
  1111      6         3        0.00
  1111      6         4        0.00
  1111      7         1        0.00
  1111      7         2        0.00
  1111      7         3        0.00
  1111      7         4        0.00
  1111      8         1        6.21
  1111      8         2       16.84
  1111      8         3       12.41
  1111      8         4       22.39
  1111      9         1       34.73
  1111      9         2       29.18
  1111      9         3       33.40
  1111      9         4        6.99
  1111     10         1       15.85
  1111     10         2       14.73
  1111     10         3       27.90
  1111     10         4       12.59
  1111     11         1       12.06
  1111     11         2       24.75
  1111     11         3       12.42
  1111     11         4       24.69
  1111     12         1       29.59
  1111     12         2       24.50
  1111     12         3       37.31
  1111     12         4       25.44
  1114      1         1        0.00
  1114      1         2        0.00
  1114      1         3        0.00
  1114      1         4        0.00
  1114      2         1        0.00
  1114      2         2        0.00
  1114      2         3        0.00
  1114      2         4        0.00
  1114      3         1        0.00
  1114      3         2        0.00
  1114      3         3        0.00
  1114      3         4        0.00
  1114      4         1        0.00
  1114      4         2        0.00
  1114      4         3        0.00
  1114      4         4        0.00
  1114      5         1        0.00
  1114      5         2        0.00
  1114      5         3        0.00
  1114      5         4        0.00
  1114      6         1        0.00
  1114      6         2        0.00
  1114      6         3        0.00
  1114      6         4        0.00
  1114      7         1        0.00
  1114      7         2        0.00
  1114      7         3        0.00
  1114      7         4        0.00
  1114      8         1        7.27
  1114      8         2        7.27
  1114      8         3        7.27
  1114      8         4        7.27
  1114      9         1       44.80
  1114      9         2       44.80
  1114      9         3       44.80
  1114      9         4       44.80
  1114     10         1       42.19
  1114     10         2       42.19
  1114     10         3       42.19
  1114     10         4       42.19
  1114     11         1       38.22
  1114     11         2       38.22
  1114     11         3       38.22
  1114     11         4       38.22
  1117      1         1        0.00
  1117      1         2        0.00
  1117      1         3        0.00
  1117      1         4        0.00
  1117      2         1        0.00
  1117      2         2        0.00
  1117      2         3        0.00
  1117      2         4        0.00
  1117      3         1        0.00
  1117      3         2        0.00
  1117      3         3        0.00
  1117      3         4        0.00
  1117      4         1        0.00
  1117      4         2        0.00
  1117      4         3        0.00
  1117      4         4        0.00
  1117      5         1        3.28
  1117      5         2        3.28
  1117      5         3        3.28
  1117      5         4        3.28
  1117      6         1        0.00
  1117      6         2        0.00
  1117      6         3        0.00
  1117      6         4        0.00
  1117      7         1       12.61
  1117      7         2       12.61
  1117      7         3       12.61
  1117      7         4       12.61
  1117      8         1        7.63
  1117      8         2       24.43
  1117      8         3       46.11
  1117      8         4       17.21
  1117      9         1       16.66
  1117      9         2       21.04
  1117      9         3       17.23
  1117      9         4       43.66
  1117     10         1       19.02
  1117     10         2       41.63
  1117     10         3       45.68
  1117     10         4       48.63
  1117     11         1       23.64
  1117     11         2       29.32
  1117     11         3       29.84
  1117     11         4       39.31
  1120      1         1        0.00
  1120      1         2        0.00
  1120      1         3        0.00
  1120      1         4        0.00
  1120      2         1        0.00
  1120      2         2        0.00
  1120      2         3        0.00
  1120      2         4        0.00
  1120      3         1        0.00
  1120      3         2        0.00
  1120      3         3        0.00
  1120      3         4        0.00
  1120      4         1        0.00
  1120      4         2        0.00
  1120      4         3        0.00
  1120      4         4        0.00
  1120      5         1        0.00
  1120      5         2        0.00
  1120      5         3        0.00
  1120      5         4        0.00
  1120      6         1        0.00
  1120      6         2        0.00
  1120      6         3        0.00
  1120      6         4        0.00
  1120      7         1        0.00
  1120      7         2        0.00
  1120      7         3        0.00
  1120      7         4        0.00
  1120      8         1       52.72
  1120      8         2       52.72
  1120      8         3       52.72
  1120      8         4       52.72
  1120      9         1       53.72
  1120      9         2       53.72
  1120      9         3       53.72
  1120      9         4       53.72
  1120     10         1       53.51
  1120     10         2       53.51
  1120     10         3       53.51
  1120     10         4       53.51
  1120     11         1       68.51
  1120     11         2       68.51
  1120     11         3       68.51
  1120     11         4       68.51
  1123      1         1        0.00
  1123      1         2        0.00
  1123      1         3        0.00
  1123      1         4        0.00
  1123      2         1        0.00
  1123      2         2        0.00
  1123      2         3        0.00
  1123      2         4        0.00
  1123      3         1        0.00
  1123      3         2        0.00
  1123      3         3        0.00
  1123      3         4        0.00
  1123      4         1        0.00
  1123      4         2        0.00
  1123      4         3        0.00
  1123      4         4        0.00
  1123      5         1        0.00
  1123      5         2        0.00
  1123      5         3        0.00
  1123      5         4        0.00
  1123      6         1        0.00
  1123      6         2        0.00
  1123      6         3        0.00
  1123      6         4        0.00
  1123      7         1        0.00
  1123      7         2        0.00
  1123      7         3        0.00
  1123      7         4        0.00
  1123      8         1        0.00
  1123      8         2        0.00
  1123      8         3        0.00
  1123      8         4        0.00
  1123      9         1       69.42
  1123      9         2       69.42
  1123      9         3       69.42
  1123      9         4       69.42
  1123     10         1        0.00
  1123     10         2      103.15
  1123     10         3      103.15
  1123     10         4      103.15
  1123     11         1       92.10
  1123     11         2       92.10
  1123     11         3       92.10
  1123     11         4       92.10
  1126      1         1        0.00
  1126      1         2        0.00
  1126      1         3        0.00
  1126      1         4        0.00
  1126      2         1        0.00
  1126      2         2        0.00
  1126      2         3        0.00
  1126      2         4        0.00
  1126      3         1        0.00
  1126      3         2        0.00
  1126      3         3        0.00
  1126      3         4        0.00
  1126      4         1        0.00
  1126      4         2        0.00
  1126      4         3        0.00
  1126      4         4        0.00
  1126      5         1        0.00
  1126      5         2        0.00
  1126      5         3        0.00
  1126      5         4        0.00
  1126      6         1        0.00
  1126      6         2        0.00
  1126      6         3        0.00
  1126      6         4        0.00
  1126      7         1        0.00
  1126      7         2        0.00
  1126      7         3        0.00
  1126      7         4        0.00
  1126      8         1        0.00
  1126      8         2        0.00
  1126      8         3        0.00
  1126      8         4        0.00
  1126      9         1       73.84
  1126      9         2       73.84
  1126      9         3       73.84
  1126      9         4       73.84
  1126     10         1      112.29
  1126     10         2      112.29
  1126     10         3      112.29
  1126     10         4      112.29
  1126     11         1      100.76
  1126     11         2      100.76
  1126     11         3      100.76
  1126     11         4      100.76
  1129      1         1        0.00
  1129      1         2        0.00
  1129      1         3        0.00
  1129      1         4        0.00
  1129      2         1        0.00
  1129      2         2        0.00
  1129      2         3        0.00
  1129      2         4        0.00
  1129      3         1        0.00
  1129      3         2        0.00
  1129      3         3        0.00
  1129      3         4        0.00
  1129      4         1        0.00
  1129      4         2        0.00
  1129      4         3        0.00
  1129      4         4        0.00
  1129      5         1        0.00
  1129      5         2        0.00
  1129      5         3        0.00
  1129      5         4        0.00
  1129      6         1        0.00
  1129      6         2        0.00
  1129      6         3        0.00
  1129      6         4        0.00
  1129      7         1        0.00
  1129      7         2        0.00
  1129      7         3        0.00
  1129      7         4        0.00
  1129      8         1        0.00
  1129      8         2        0.00
  1129      8         3        0.00
  1129      8         4        0.00
  1129      9         1       77.02
  1129      9         2       77.02
  1129      9         3       77.02
  1129      9         4       77.02
  1129     10         1      119.15
  1129     10         2      119.15
  1129     10         3      119.15
  1129     10         4      119.15
  1129     11         1      107.83
  1129     11         2      107.83
  1129     11         3      107.83
  1129     11         4      107.83
  1362      1         1        0.00
  1362      1         2        0.00
  1362      1         3        0.00
  1362      1         4        0.00
  1362      2         1        0.00
  1362      2         2        0.00
  1362      2         3        0.00
  1362      2         4        0.00
  1362      3         1        0.00
  1362      3         2        0.00
  1362      3         3        0.00
  1362      3         4        0.00
  1362      4         1        0.00
  1362      4         2        0.00
  1362      4         3        0.00
  1362      4         4        0.00
  1362      5         1        0.00
  1362      5         2        0.00
  1362      5         3        0.00
  1362      5         4        0.00
  1362      6         1        0.00
  1362      6         2        0.00
  1362      6         3        0.00
  1362      6         4        0.00
  1362      7         1       50.66
  1362      7         2       50.66
  1362      7         3       50.66
  1362      7         4       50.66
  1362      8         1       34.26
  1362      8         2       21.99
  1362      8         3       46.21
  1362      8         4       47.38
  1362      9         1       29.91
  1362      9         2       46.62
  1362      9         3       52.58
  1362      9         4       61.41
  1362     10         1       83.52
  1362     10         2       89.95
  1362     10         3       87.96
  1362     10         4       97.81
  1362     11         1       79.69
  1362     11         2       79.59
  1362     11         3       84.20
  1362     11         4       87.85
  1365      1         1        0.00
  1365      1         2        0.00
  1365      1         3        0.00
  1365      1         4        0.00
  1365      2         1        0.00
  1365      2         2        0.00
  1365      2         3        0.00
  1365      2         4        0.00
  1365      3         1        0.00
  1365      3         2        0.00
  1365      3         3        0.00
  1365      3         4        0.00
  1365      4         1        0.00
  1365      4         2        0.00
  1365      4         3        0.00
  1365      4         4        0.00
  1365      5         1        0.00
  1365      5         2        0.00
  1365      5         3        0.00
  1365      5         4        0.00
  1365      6         1        0.00
  1365      6         2        0.00
  1365      6         3        0.00
  1365      6         4        0.00
  1365      7         1        0.00
  1365      7         2        0.00
  1365      7         3        0.00
  1365      7         4        0.00
  1365      8         1       62.05
  1365      8         2       62.05
  1365      8         3       62.05
  1365      8         4       62.05
  1365      9         1       60.26
  1365      9         2       60.26
  1365      9         3       60.26
  1365      9         4       60.26
  1365     10         1       97.83
  1365     10         2       97.83
  1365     10         3       97.83
  1365     10         4       97.83
  1365     11         1       88.25
  1365     11         2       88.25
  1365     11         3       88.25
  1365     11         4       88.25
  1368      1         1        0.00
  1368      1         2        0.00
  1368      1         3        0.00
  1368      1         4        0.00
  1368      2         1        0.00
  1368      2         2        0.00
  1368      2         3        0.00
  1368      2         4        0.00
  1368      3         1        0.00
  1368      3         2        0.00
  1368      3         3        0.00
  1368      3         4        0.00
  1368      4         1        0.00
  1368      4         2        0.00
  1368      4         3        0.00
  1368      4         4        0.00
  1368      5         1        0.00
  1368      5         2        0.00
  1368      5         3        0.00
  1368      5         4        0.00
  1368      6         1        0.00
  1368      6         2        0.00
  1368      6         3        0.00
  1368      6         4        0.00
  1368      7         1        0.00
  1368      7         2        0.00
  1368      7         3        0.00
  1368      7         4        0.00
  1368      8         1       57.22
  1368      8         2       57.22
  1368      8         3       57.22
  1368      8         4       57.22
  1368      9         1       53.84
  1368      9         2       53.70
  1368      9         3       53.70
  1368      9         4       54.54
  1368     10         1       85.10
  1368     10         2       85.59
  1368     10         3       85.47
  1368     10         4       85.24
  1368     11         1       34.01
  1368     11         2       75.73
  1368     11         3       76.00
  1368     11         4       76.08
