 Cycle Period  BidPrice Bid Volumes
   191      1         1        0.00
   191      1         2        0.00
   191      1         3        0.00
   191      1         4        0.00
   191      2         1        0.00
   191      2         2        0.00
   191      2         3        0.00
   191      2         4        0.00
   191      3         1        0.00
   191      3         2        0.00
   191      3         3        0.00
   191      3         4        0.00
   191      4         1        0.00
   191      4         2        0.00
   191      4         3        0.00
   191      4         4        0.00
   191      5         1        0.00
   191      5         2        0.00
   191      5         3        0.00
   191      5         4        0.00
   191      6         1        0.00
   191      6         2        0.00
   191      6         3        0.00
   191      6         4        0.00
   191      7         1        0.00
   191      7         2        0.00
   191      7         3        0.00
   191      7         4        0.00
   191      8         1        0.00
   191      8         2        0.00
   191      8         3        0.00
   191      8         4        0.00
   191      9         1        0.00
   191      9         2        0.00
   191      9         3        0.00
   191      9         4        0.00
   191     10         1        0.00
   191     10         2        0.00
   191     10         3        9.38
   191     10         4       34.03
   191     11         1        0.00
   191     11         2        0.00
   191     11         3       24.96
   191     11         4       28.45
   191     12         1        0.00
   191     12         2        0.00
   191     12         3       14.71
   191     12         4       22.85
   194      1         1        0.00
   194      1         2        0.00
   194      1         3        0.00
   194      1         4        0.00
   194      2         1        0.00
   194      2         2        0.00
   194      2         3        0.00
   194      2         4        0.00
   194      3         1        0.00
   194      3         2        0.00
   194      3         3        0.00
   194      3         4        0.00
   194      4         1        0.00
   194      4         2        0.00
   194      4         3        0.00
   194      4         4        0.00
   194      5         1        0.00
   194      5         2        0.00
   194      5         3        0.00
   194      5         4        0.00
   194      6         1        0.00
   194      6         2        0.00
   194      6         3        0.00
   194      6         4        0.00
   194      7         1        0.00
   194      7         2        0.00
   194      7         3        0.00
   194      7         4        0.00
   194      8         1        0.00
   194      8         2        0.00
   194      8         3        0.00
   194      8         4        0.00
   194      9         1        0.00
   194      9         2        0.00
   194      9         3        0.00
   194      9         4        0.00
   194     10         1        0.00
   194     10         2        0.00
   194     10         3       26.90
   194     10         4       39.21
   194     11         1        0.00
   194     11         2        0.00
   194     11         3       27.33
   194     11         4       40.88
   194     12         1        3.32
   194     12         2       28.06
   194     12         3       10.55
   194     12         4       31.71
   197      1         1        0.00
   197      1         2        0.00
   197      1         3        0.00
   197      1         4        0.00
   197      2         1        0.00
   197      2         2        0.00
   197      2         3        0.00
   197      2         4        0.00
   197      3         1        0.00
   197      3         2        0.00
   197      3         3        0.00
   197      3         4        0.00
   197      4         1        0.00
   197      4         2        0.00
   197      4         3        0.00
   197      4         4        0.00
   197      5         1        0.00
   197      5         2        0.00
   197      5         3        0.00
   197      5         4        0.00
   197      6         1        0.00
   197      6         2        0.00
   197      6         3        0.00
   197      6         4        0.00
   197      7         1        0.00
   197      7         2        0.00
   197      7         3        0.00
   197      7         4        0.00
   197      8         1        0.00
   197      8         2        0.00
   197      8         3        0.00
   197      8         4       32.28
   197      9         1        0.00
   197      9         2        6.13
   197      9         3        0.00
   197      9         4       39.04
   197     10         1        0.00
   197     10         2        0.00
   197     10         3        0.00
   197     10         4        0.00
   197     11         1       11.01
   197     11         2        0.00
   197     11         3       34.93
   197     11         4       37.66
   197     12         1        0.00
   197     12         2        0.00
   197     12         3        0.00
   197     12         4       29.92
   200      1         1        0.00
   200      1         2        0.00
   200      1         3        0.00
   200      1         4        0.00
   200      2         1        0.00
   200      2         2        0.00
   200      2         3        0.00
   200      2         4        0.00
   200      3         1        0.00
   200      3         2        0.00
   200      3         3        0.00
   200      3         4        0.00
   200      4         1        0.00
   200      4         2        0.00
   200      4         3        0.00
   200      4         4        0.00
   200      5         1        0.00
   200      5         2        0.00
   200      5         3        0.00
   200      5         4        0.00
   200      6         1        0.00
   200      6         2        0.00
   200      6         3        0.00
   200      6         4        0.00
   200      7         1        0.00
   200      7         2        0.00
   200      7         3        0.00
   200      7         4        0.00
   200      8         1        0.00
   200      8         2        0.00
   200      8         3        0.00
   200      8         4        0.00
   200      9         1        0.00
   200      9         2        0.00
   200      9         3        0.00
   200      9         4        0.00
   200     10         1        0.00
   200     10         2        0.00
   200     10         3       32.22
   200     10         4       40.94
   200     11         1        0.00
   200     11         2        0.00
   200     11         3       23.19
   200     11         4       42.55
   203      1         1        0.00
   203      1         2        0.00
   203      1         3        0.00
   203      1         4        0.00
   203      2         1        0.00
   203      2         2        0.00
   203      2         3        0.00
   203      2         4        0.00
   203      3         1        0.00
   203      3         2        0.00
   203      3         3        0.00
   203      3         4        0.00
   203      4         1        0.00
   203      4         2        0.00
   203      4         3        0.00
   203      4         4        0.00
   203      5         1        0.00
   203      5         2        0.00
   203      5         3        0.00
   203      5         4        0.00
   203      6         1        0.00
   203      6         2        0.00
   203      6         3        0.00
   203      6         4        0.00
   203      7         1        0.00
   203      7         2        0.00
   203      7         3        0.00
   203      7         4        0.00
   203      8         1        0.00
   203      8         2        0.00
   203      8         3        0.00
   203      8         4        0.00
   203      9         1        0.00
   203      9         2        0.00
   203      9         3        0.00
   203      9         4       46.78
   203     10         1        0.00
   203     10         2        0.00
   203     10         3       48.87
   203     10         4       54.20
   203     11         1        0.00
   203     11         2        0.00
   203     11         3       52.83
   203     11         4       38.59
   206      1         1        0.00
   206      1         2        0.00
   206      1         3        0.00
   206      1         4        0.00
   206      2         1        0.00
   206      2         2        0.00
   206      2         3        0.00
   206      2         4        0.00
   206      3         1        0.00
   206      3         2        0.00
   206      3         3        0.00
   206      3         4        0.00
   206      4         1        0.00
   206      4         2        0.00
   206      4         3        0.00
   206      4         4        0.00
   206      5         1        0.00
   206      5         2        0.00
   206      5         3        0.00
   206      5         4        0.00
   206      6         1        0.00
   206      6         2        0.00
   206      6         3        0.00
   206      6         4        0.00
   206      7         1        0.00
   206      7         2        0.00
   206      7         3        0.00
   206      7         4        0.00
   206      8         1        0.00
   206      8         2        0.00
   206      8         3        0.00
   206      8         4       51.29
   206      9         1        0.00
   206      9         2        0.00
   206      9         3       54.13
   206      9         4       59.52
   206     10         1        0.00
   206     10         2        0.00
   206     10         3        0.00
   206     10         4       64.63
   206     11         1        0.00
   206     11         2        0.00
   206     11         3       83.02
   206     11         4       87.43
   209      1         1        0.00
   209      1         2        0.00
   209      1         3        0.00
   209      1         4        0.00
   209      2         1        0.00
   209      2         2        0.00
   209      2         3        0.00
   209      2         4        0.00
   209      3         1        0.00
   209      3         2        0.00
   209      3         3        0.00
   209      3         4        0.00
   209      4         1        0.00
   209      4         2        0.00
   209      4         3        0.00
   209      4         4        0.00
   209      5         1        0.00
   209      5         2        0.00
   209      5         3        0.00
   209      5         4        0.00
   209      6         1        0.00
   209      6         2        0.00
   209      6         3        0.00
   209      6         4        0.00
   209      7         1        0.00
   209      7         2        0.00
   209      7         3        0.00
   209      7         4        0.00
   209      8         1        0.00
   209      8         2        0.00
   209      8         3        0.00
   209      8         4       58.98
   209      9         1        0.00
   209      9         2        0.00
   209      9         3       60.02
   209      9         4       66.31
   209     10         1        0.00
   209     10         2        0.00
   209     10         3       96.37
   209     10         4      106.12
   209     11         1        0.00
   209     11         2        0.00
   209     11         3       97.38
   209     11         4       86.63
   212      1         1        0.00
   212      1         2        0.00
   212      1         3        0.00
   212      1         4        0.00
   212      2         1        0.00
   212      2         2        0.00
   212      2         3        0.00
   212      2         4        0.00
   212      3         1        0.00
   212      3         2        0.00
   212      3         3        0.00
   212      3         4        0.00
   212      4         1        0.00
   212      4         2        0.00
   212      4         3        0.00
   212      4         4        0.00
   212      5         1        0.00
   212      5         2        0.00
   212      5         3        0.00
   212      5         4        0.00
   212      6         1        0.00
   212      6         2        0.00
   212      6         3        0.00
   212      6         4        0.00
   212      7         1        0.00
   212      7         2        0.00
   212      7         3        0.00
   212      7         4        0.00
   212      8         1        0.00
   212      8         2        0.00
   212      8         3       27.16
   212      8         4       62.00
   212      9         1        0.00
   212      9         2        0.00
   212      9         3       60.18
   212      9         4       60.70
   212     10         1        0.00
   212     10         2        0.00
   212     10         3       93.70
   212     10         4      104.50
   212     11         1        0.00
   212     11         2        0.00
   212     11         3        0.00
   212     11         4       88.60
   215      1         1        0.00
   215      1         2        0.00
   215      1         3        0.00
   215      1         4        0.00
   215      2         1        0.00
   215      2         2        0.00
   215      2         3        0.00
   215      2         4        0.00
   215      3         1        0.00
   215      3         2        0.00
   215      3         3        0.00
   215      3         4        0.00
   215      4         1        0.00
   215      4         2        0.00
   215      4         3        0.00
   215      4         4        0.00
   215      5         1        0.00
   215      5         2        0.00
   215      5         3        0.00
   215      5         4        0.00
   215      6         1        0.00
   215      6         2        0.00
   215      6         3        0.00
   215      6         4        0.00
   215      7         1        0.00
   215      7         2        0.00
   215      7         3        0.00
   215      7         4        0.00
   215      8         1        0.00
   215      8         2        0.00
   215      8         3       63.85
   215      8         4       63.85
   215      9         1        0.00
   215      9         2        0.00
   215      9         3       74.91
   215      9         4       66.24
   215     10         1        0.00
   215     10         2        0.00
   215     10         3      102.91
   215     10         4      100.18
   215     11         1        0.00
   215     11         2        0.00
   215     11         3      102.42
   215     11         4       86.60
   218      1         1        0.00
   218      1         2        0.00
   218      1         3        0.00
   218      1         4        0.00
   218      2         1        0.00
   218      2         2        0.00
   218      2         3        0.00
   218      2         4        0.00
   218      3         1        0.00
   218      3         2        0.00
   218      3         3        0.00
   218      3         4        0.00
   218      4         1        0.00
   218      4         2        0.00
   218      4         3        0.00
   218      4         4        0.00
   218      5         1        0.00
   218      5         2        0.00
   218      5         3        0.00
   218      5         4        0.00
   218      6         1        0.00
   218      6         2        0.00
   218      6         3        0.00
   218      6         4        0.00
   218      7         1        0.00
   218      7         2        0.00
   218      7         3        0.00
   218      7         4        0.00
   218      8         1        0.00
   218      8         2        0.00
   218      8         3        0.00
   218      8         4        0.00
   218      9         1        0.00
   218      9         2        0.00
   218      9         3       46.93
   218      9         4       68.85
   218     10         1        0.00
   218     10         2        0.00
   218     10         3      102.37
   218     10         4      104.64
   218     11         1        0.00
   218     11         2        0.00
   218     11         3       95.00
   218     11         4       93.06
   621      1         1        0.00
   621      1         2        0.00
   621      1         3        0.00
   621      1         4        0.00
   621      2         1        0.00
   621      2         2        0.00
   621      2         3        0.00
   621      2         4        0.00
   621      3         1        0.00
   621      3         2        0.00
   621      3         3        0.00
   621      3         4        0.00
   621      4         1        0.00
   621      4         2        0.00
   621      4         3        0.00
   621      4         4        0.00
   621      5         1        0.00
   621      5         2        0.00
   621      5         3        0.00
   621      5         4        0.00
   621      6         1        0.00
   621      6         2        0.00
   621      6         3        0.00
   621      6         4        0.00
   621      7         1        0.00
   621      7         2        0.00
   621      7         3        0.00
   621      7         4       43.70
   621      8         1        0.00
   621      8         2        0.00
   621      8         3        0.00
   621      8         4       38.52
   621      9         1        0.00
   621      9         2        0.00
   621      9         3       61.53
   621      9         4       66.09
   621     10         1        0.00
   621     10         2        0.00
   621     10         3       86.34
   621     10         4      116.34
   621     11         1        0.00
   621     11         2        0.00
   621     11         3      107.39
   621     11         4       95.17
   624      1         1        0.00
   624      1         2        0.00
   624      1         3        0.00
   624      1         4        0.00
   624      2         1        0.00
   624      2         2        0.00
   624      2         3        0.00
   624      2         4        0.00
   624      3         1        0.00
   624      3         2        0.00
   624      3         3        0.00
   624      3         4        0.00
   624      4         1        0.00
   624      4         2        0.00
   624      4         3        0.00
   624      4         4        0.00
   624      5         1        0.00
   624      5         2        0.00
   624      5         3        0.00
   624      5         4        0.00
   624      6         1        0.00
   624      6         2        0.00
   624      6         3        0.00
   624      6         4        0.00
   624      7         1        0.00
   624      7         2        0.00
   624      7         3        0.00
   624      7         4       46.70
   624      8         1        0.00
   624      8         2        0.00
   624      8         3        0.00
   624      8         4       59.09
   624      9         1        0.00
   624      9         2        0.00
   624      9         3        0.00
   624      9         4       61.16
   624     10         1        0.00
   624     10         2        0.00
   624     10         3       49.07
   624     10         4       84.48
   624     11         1        0.00
   624     11         2        0.00
   624     11         3       69.45
   624     11         4       72.55
   627      1         1        0.00
   627      1         2        0.00
   627      1         3        0.00
   627      1         4        0.00
   627      2         1        0.00
   627      2         2        0.00
   627      2         3        0.00
   627      2         4        0.00
   627      3         1        0.00
   627      3         2        0.00
   627      3         3        0.00
   627      3         4        0.00
   627      4         1        0.00
   627      4         2        0.00
   627      4         3        0.00
   627      4         4        0.00
   627      5         1        0.00
   627      5         2        0.00
   627      5         3        0.00
   627      5         4        0.00
   627      6         1        0.00
   627      6         2        0.00
   627      6         3        0.00
   627      6         4        0.00
   627      7         1        0.00
   627      7         2        0.00
   627      7         3        0.00
   627      7         4        0.00
   627      8         1        0.00
   627      8         2        0.00
   627      8         3        0.00
   627      8         4        0.00
   627      9         1        0.00
   627      9         2        0.00
   627      9         3        0.00
   627      9         4       63.79
   627     10         1        0.00
   627     10         2        0.00
   627     10         3        0.00
   627     10         4       73.01
   627     11         1        0.00
   627     11         2        0.00
   627     11         3       75.67
   627     11         4       75.67
   630      1         1        0.00
   630      1         2        0.00
   630      1         3        0.00
   630      1         4        0.00
   630      2         1        0.00
   630      2         2        0.00
   630      2         3        0.00
   630      2         4        0.00
   630      3         1        0.00
   630      3         2        0.00
   630      3         3        0.00
   630      3         4        0.00
   630      4         1        0.00
   630      4         2        0.00
   630      4         3        0.00
   630      4         4        0.00
   630      5         1        0.00
   630      5         2        0.00
   630      5         3        0.00
   630      5         4        0.00
   630      6         1        0.00
   630      6         2        0.00
   630      6         3        0.00
   630      6         4        0.00
   630      7         1        0.00
   630      7         2        0.00
   630      7         3        0.00
   630      7         4        0.00
   630      8         1        0.00
   630      8         2        0.00
   630      8         3       46.34
   630      8         4       47.74
   630      9         1        0.00
   630      9         2        0.00
   630      9         3        0.00
   630      9         4       47.77
   630     10         1        0.00
   630     10         2        0.00
   630     10         3       48.75
   630     10         4       45.26
   630     11         1        0.00
   630     11         2        0.00
   630     11         3       53.89
   630     11         4       43.97
   633      1         1        0.00
   633      1         2        0.00
   633      1         3        0.00
   633      1         4        0.00
   633      2         1        0.00
   633      2         2        0.00
   633      2         3        0.00
   633      2         4        0.00
   633      3         1        0.00
   633      3         2        0.00
   633      3         3        0.00
   633      3         4        0.00
   633      4         1        0.00
   633      4         2        0.00
   633      4         3        0.00
   633      4         4        0.00
   633      5         1        0.00
   633      5         2        0.00
   633      5         3        0.00
   633      5         4        0.00
   633      6         1        0.00
   633      6         2        0.00
   633      6         3        0.00
   633      6         4        0.00
   633      7         1        0.00
   633      7         2        0.00
   633      7         3        0.00
   633      7         4        0.00
   633      8         1        0.00
   633      8         2        0.00
   633      8         3        0.00
   633      8         4       33.65
   633      9         1        0.00
   633      9         2        0.00
   633      9         3       10.16
   633      9         4       50.03
   633     10         1       47.70
   633     10         2        0.00
   633     10         3       40.91
   633     10         4       46.23
   633     11         1        0.00
   633     11         2        0.00
   633     11         3       22.59
   633     11         4       46.68
   636      1         1        0.00
   636      1         2        0.00
   636      1         3        0.00
   636      1         4        0.00
   636      2         1        0.00
   636      2         2        0.00
   636      2         3        0.00
   636      2         4        0.00
   636      3         1        0.00
   636      3         2        0.00
   636      3         3        0.00
   636      3         4        0.00
   636      4         1        0.00
   636      4         2        0.00
   636      4         3        0.00
   636      4         4        0.00
   636      5         1        0.00
   636      5         2        0.00
   636      5         3        0.00
   636      5         4        0.00
   636      6         1        0.00
   636      6         2        0.00
   636      6         3        0.00
   636      6         4        0.00
   636      7         1        0.00
   636      7         2        0.00
   636      7         3        0.00
   636      7         4        0.00
   636      8         1        0.00
   636      8         2        0.00
   636      8         3        0.00
   636      8         4        0.00
   636      9         1        0.00
   636      9         2        0.00
   636      9         3        0.00
   636      9         4       40.60
   636     10         1        0.00
   636     10         2        0.00
   636     10         3        0.00
   636     10         4       35.47
   636     11         1        0.00
   636     11         2        0.00
   636     11         3       33.60
   636     11         4       33.60
   639      1         1        0.00
   639      1         2        0.00
   639      1         3        0.00
   639      1         4        0.00
   639      2         1        0.00
   639      2         2        0.00
   639      2         3        0.00
   639      2         4        0.00
   639      3         1        0.00
   639      3         2        0.00
   639      3         3        0.00
   639      3         4        0.00
   639      4         1        0.00
   639      4         2        0.00
   639      4         3        0.00
   639      4         4        0.00
   639      5         1        0.00
   639      5         2        0.00
   639      5         3        0.00
   639      5         4        0.00
   639      6         1        0.00
   639      6         2        0.00
   639      6         3        0.00
   639      6         4        0.00
   639      7         1        0.00
   639      7         2        0.00
   639      7         3        0.00
   639      7         4        0.00
   639      8         1        0.00
   639      8         2        0.00
   639      8         3        0.00
   639      8         4        0.00
   639      9         1        0.00
   639      9         2        0.00
   639      9         3        0.00
   639      9         4       32.88
   639     10         1        0.00
   639     10         2        0.00
   639     10         3       30.26
   639     10         4       30.26
   639     11         1       24.21
   639     11         2        0.00
   639     11         3        0.00
   639     11         4       24.27
   642      1         1        0.00
   642      1         2        0.00
   642      1         3        0.00
   642      1         4        0.00
   642      2         1        0.00
   642      2         2        0.00
   642      2         3        0.00
   642      2         4        0.00
   642      3         1        0.00
   642      3         2        0.00
   642      3         3        0.00
   642      3         4        0.00
   642      4         1        0.00
   642      4         2        0.00
   642      4         3        0.00
   642      4         4        0.00
   642      5         1        0.00
   642      5         2        0.00
   642      5         3        0.00
   642      5         4        0.00
   642      6         1        0.00
   642      6         2        0.00
   642      6         3        0.00
   642      6         4        0.00
   642      7         1        0.00
   642      7         2        0.00
   642      7         3        0.00
   642      7         4        0.00
   642      8         1        0.00
   642      8         2        0.00
   642      8         3        0.00
   642      8         4        0.00
   642      9         1        0.00
   642      9         2        0.00
   642      9         3        0.00
   642      9         4        0.00
   642     10         1        0.00
   642     10         2        0.00
   642     10         3       10.86
   642     10         4       35.50
   642     11         1        0.00
   642     11         2        0.00
   642     11         3       29.38
   642     11         4       29.38
   642     12         1        0.00
   642     12         2        0.00
   642     12         3        0.00
   642     12         4        0.00
   645      1         1        0.00
   645      1         2        0.00
   645      1         3        0.00
   645      1         4        0.00
   645      2         1        0.00
   645      2         2        0.00
   645      2         3        0.00
   645      2         4        0.00
   645      3         1        0.00
   645      3         2        0.00
   645      3         3        0.00
   645      3         4        0.00
   645      4         1        0.00
   645      4         2        0.00
   645      4         3        0.00
   645      4         4        0.00
   645      5         1        0.00
   645      5         2        0.00
   645      5         3        0.00
   645      5         4        0.00
   645      6         1        0.00
   645      6         2        0.00
   645      6         3        0.00
   645      6         4        0.00
   645      7         1        0.00
   645      7         2        0.00
   645      7         3        0.00
   645      7         4        0.00
   645      8         1        0.00
   645      8         2        0.00
   645      8         3        0.00
   645      8         4        0.00
   645      9         1        0.00
   645      9         2        0.00
   645      9         3        0.00
   645      9         4        0.00
   645     10         1        0.00
   645     10         2        0.00
   645     10         3        0.00
   645     10         4       33.10
   645     11         1        0.00
   645     11         2        0.00
   645     11         3       26.40
   645     11         4       26.40
   645     12         1        0.00
   645     12         2        0.00
   645     12         3        0.00
   645     12         4       21.41
   648      1         1        0.00
   648      1         2        0.00
   648      1         3        0.00
   648      1         4        0.00
   648      2         1        0.00
   648      2         2        0.00
   648      2         3        0.00
   648      2         4        0.00
   648      3         1        0.00
   648      3         2        0.00
   648      3         3        0.00
   648      3         4        0.00
   648      4         1        0.00
   648      4         2        0.00
   648      4         3        0.00
   648      4         4        0.00
   648      5         1        0.00
   648      5         2        0.00
   648      5         3        0.00
   648      5         4        0.00
   648      6         1        0.00
   648      6         2        0.00
   648      6         3        0.00
   648      6         4        0.00
   648      7         1        0.00
   648      7         2        0.00
   648      7         3        0.00
   648      7         4        0.00
   648      8         1        0.00
   648      8         2        0.00
   648      8         3        0.00
   648      8         4        0.00
   648      9         1        0.00
   648      9         2        0.00
   648      9         3        0.00
   648      9         4        0.00
   648     10         1        0.00
   648     10         2        0.00
   648     10         3       26.53
   648     10         4       33.73
   648     11         1        0.00
   648     11         2        0.00
   648     11         3       27.14
   648     11         4       27.14
   648     12         1        0.00
   648     12         2       15.90
   648     12         3        0.00
   648     12         4       20.05
  1102      1         1        0.00
  1102      1         2        0.00
  1102      1         3        0.00
  1102      1         4        0.00
  1102      2         1        0.00
  1102      2         2        0.00
  1102      2         3        0.00
  1102      2         4        0.00
  1102      3         1        0.00
  1102      3         2        0.00
  1102      3         3        0.00
  1102      3         4        0.00
  1102      4         1        0.00
  1102      4         2        0.00
  1102      4         3        0.00
  1102      4         4        0.00
  1102      5         1        0.00
  1102      5         2        0.00
  1102      5         3        0.00
  1102      5         4        0.00
  1102      6         1        0.00
  1102      6         2        0.00
  1102      6         3        0.00
  1102      6         4        0.00
  1102      7         1        0.00
  1102      7         2        0.00
  1102      7         3        0.00
  1102      7         4        0.00
  1102      8         1        0.00
  1102      8         2        0.00
  1102      8         3        0.00
  1102      8         4        0.00
  1102      9         1        0.00
  1102      9         2        0.00
  1102      9         3        0.00
  1102      9         4        0.00
  1102     10         1        0.00
  1102     10         2        0.00
  1102     10         3       12.60
  1102     10         4       32.70
  1102     11         1        0.00
  1102     11         2        0.00
  1102     11         3        0.00
  1102     11         4       30.42
  1102     12         1        0.00
  1102     12         2        0.00
  1102     12         3       19.08
  1102     12         4       19.08
  1105      1         1        0.00
  1105      1         2        0.00
  1105      1         3        0.00
  1105      1         4        0.00
  1105      2         1        0.00
  1105      2         2        0.00
  1105      2         3        0.00
  1105      2         4        0.00
  1105      3         1        0.00
  1105      3         2        0.00
  1105      3         3        0.00
  1105      3         4        0.00
  1105      4         1        0.00
  1105      4         2        0.00
  1105      4         3        0.00
  1105      4         4        0.00
  1105      5         1        0.00
  1105      5         2        0.00
  1105      5         3        0.00
  1105      5         4        0.00
  1105      6         1        0.00
  1105      6         2        0.00
  1105      6         3        0.00
  1105      6         4        0.00
  1105      7         1        0.00
  1105      7         2        0.00
  1105      7         3        0.00
  1105      7         4        0.00
  1105      8         1        0.00
  1105      8         2        0.00
  1105      8         3        0.00
  1105      8         4        0.00
  1105      9         1        0.00
  1105      9         2        0.00
  1105      9         3        0.00
  1105      9         4        7.18
  1105     10         1        0.00
  1105     10         2        0.00
  1105     10         3        1.21
  1105     10         4       31.28
  1105     11         1       26.74
  1105     11         2        2.31
  1105     11         3       21.31
  1105     11         4       26.75
  1105     12         1        0.00
  1105     12         2        0.00
  1105     12         3       16.33
  1105     12         4       16.33
  1108      1         1        0.00
  1108      1         2        0.00
  1108      1         3        0.00
  1108      1         4        0.00
  1108      2         1        0.00
  1108      2         2        0.00
  1108      2         3        0.00
  1108      2         4        0.00
  1108      3         1        0.00
  1108      3         2        0.00
  1108      3         3        0.00
  1108      3         4        0.00
  1108      4         1        0.00
  1108      4         2        0.00
  1108      4         3        0.00
  1108      4         4        0.00
  1108      5         1        0.00
  1108      5         2        0.00
  1108      5         3        0.00
  1108      5         4        0.00
  1108      6         1        0.00
  1108      6         2        0.00
  1108      6         3        0.00
  1108      6         4        0.00
  1108      7         1        0.00
  1108      7         2        0.00
  1108      7         3        0.00
  1108      7         4        0.00
  1108      8         1        0.00
  1108      8         2        0.00
  1108      8         3        0.00
  1108      8         4        0.00
  1108      9         1        0.00
  1108      9         2        0.00
  1108      9         3       24.52
  1108      9         4       29.35
  1108     10         1        0.00
  1108     10         2        0.00
  1108     10         3        0.00
  1108     10         4       28.14
  1108     11         1        0.00
  1108     11         2        0.00
  1108     11         3       15.41
  1108     11         4       20.04
  1108     12         1        0.00
  1108     12         2        0.00
  1108     12         3        5.43
  1108     12         4       19.08
  1111      1         1        0.00
  1111      1         2        0.00
  1111      1         3        0.00
  1111      1         4        0.00
  1111      2         1        0.00
  1111      2         2        0.00
  1111      2         3        0.00
  1111      2         4        0.00
  1111      3         1        0.00
  1111      3         2        0.00
  1111      3         3        0.00
  1111      3         4        0.00
  1111      4         1        0.00
  1111      4         2        0.00
  1111      4         3        0.00
  1111      4         4        0.00
  1111      5         1        0.00
  1111      5         2        0.00
  1111      5         3        0.00
  1111      5         4        0.00
  1111      6         1        0.00
  1111      6         2        0.00
  1111      6         3        0.00
  1111      6         4        0.00
  1111      7         1        0.00
  1111      7         2        0.00
  1111      7         3        0.00
  1111      7         4        0.00
  1111      8         1        0.00
  1111      8         2        0.00
  1111      8         3        0.00
  1111      8         4        0.00
  1111      9         1        0.00
  1111      9         2        0.00
  1111      9         3       11.65
  1111      9         4       39.01
  1111     10         1        0.00
  1111     10         2        0.00
  1111     10         3        0.00
  1111     10         4       16.81
  1111     11         1        0.00
  1111     11         2        0.00
  1111     11         3       33.14
  1111     11         4        0.00
  1111     12         1        0.00
  1111     12         2        0.00
  1111     12         3        0.00
  1111     12         4       20.62
  1114      1         1        0.00
  1114      1         2        0.00
  1114      1         3        0.00
  1114      1         4        0.00
  1114      2         1        0.00
  1114      2         2        0.00
  1114      2         3        0.00
  1114      2         4        0.00
  1114      3         1        0.00
  1114      3         2        0.00
  1114      3         3        0.00
  1114      3         4        0.00
  1114      4         1        0.00
  1114      4         2        0.00
  1114      4         3        0.00
  1114      4         4        0.00
  1114      5         1        0.00
  1114      5         2        0.00
  1114      5         3        0.00
  1114      5         4        0.00
  1114      6         1        0.00
  1114      6         2        0.00
  1114      6         3        0.00
  1114      6         4        0.00
  1114      7         1        0.00
  1114      7         2        0.00
  1114      7         3        0.00
  1114      7         4        0.00
  1114      8         1        0.00
  1114      8         2        0.00
  1114      8         3        0.00
  1114      8         4        0.00
  1114      9         1        0.00
  1114      9         2        0.00
  1114      9         3        0.00
  1114      9         4       46.97
  1114     10         1        0.00
  1114     10         2        0.00
  1114     10         3        0.00
  1114     10         4       32.48
  1114     11         1        0.00
  1114     11         2        0.00
  1114     11         3        0.00
  1114     11         4       49.99
  1117      1         1        0.00
  1117      1         2        0.00
  1117      1         3        0.00
  1117      1         4        0.00
  1117      2         1        0.00
  1117      2         2        0.00
  1117      2         3        0.00
  1117      2         4        0.00
  1117      3         1        0.00
  1117      3         2        0.00
  1117      3         3        0.00
  1117      3         4        0.00
  1117      4         1        0.00
  1117      4         2        0.00
  1117      4         3        0.00
  1117      4         4        0.00
  1117      5         1        0.00
  1117      5         2        0.00
  1117      5         3        0.00
  1117      5         4        0.00
  1117      6         1        0.00
  1117      6         2        0.00
  1117      6         3        0.00
  1117      6         4        0.00
  1117      7         1        0.00
  1117      7         2        0.00
  1117      7         3        0.00
  1117      7         4        0.00
  1117      8         1        0.00
  1117      8         2        0.00
  1117      8         3        0.00
  1117      8         4       45.68
  1117      9         1        0.00
  1117      9         2        0.00
  1117      9         3       45.70
  1117      9         4       45.06
  1117     10         1        0.00
  1117     10         2        0.00
  1117     10         3       45.06
  1117     10         4       39.84
  1117     11         1        0.00
  1117     11         2        0.00
  1117     11         3        0.00
  1117     11         4       47.11
  1120      1         1        0.00
  1120      1         2        0.00
  1120      1         3        0.00
  1120      1         4        0.00
  1120      2         1        0.00
  1120      2         2        0.00
  1120      2         3        0.00
  1120      2         4        0.00
  1120      3         1        0.00
  1120      3         2        0.00
  1120      3         3        0.00
  1120      3         4        0.00
  1120      4         1        0.00
  1120      4         2        0.00
  1120      4         3        0.00
  1120      4         4        0.00
  1120      5         1        0.00
  1120      5         2        0.00
  1120      5         3        0.00
  1120      5         4        0.00
  1120      6         1        0.00
  1120      6         2        0.00
  1120      6         3        0.00
  1120      6         4        0.00
  1120      7         1        0.00
  1120      7         2        0.00
  1120      7         3        0.00
  1120      7         4        0.00
  1120      8         1        0.00
  1120      8         2        0.00
  1120      8         3        0.00
  1120      8         4       52.77
  1120      9         1        0.00
  1120      9         2        0.00
  1120      9         3       51.22
  1120      9         4       63.38
  1120     10         1        0.00
  1120     10         2        0.00
  1120     10         3       50.06
  1120     10         4       63.17
  1120     11         1        0.00
  1120     11         2        0.00
  1120     11         3       68.01
  1120     11         4       73.26
  1123      1         1        0.00
  1123      1         2        0.00
  1123      1         3        0.00
  1123      1         4        0.00
  1123      2         1        0.00
  1123      2         2        0.00
  1123      2         3        0.00
  1123      2         4        0.00
  1123      3         1        0.00
  1123      3         2        0.00
  1123      3         3        0.00
  1123      3         4        0.00
  1123      4         1        0.00
  1123      4         2        0.00
  1123      4         3        0.00
  1123      4         4        0.00
  1123      5         1        0.00
  1123      5         2        0.00
  1123      5         3        0.00
  1123      5         4        0.00
  1123      6         1        0.00
  1123      6         2        0.00
  1123      6         3        0.00
  1123      6         4        0.00
  1123      7         1        0.00
  1123      7         2        0.00
  1123      7         3        0.00
  1123      7         4        0.00
  1123      8         1        0.00
  1123      8         2        0.00
  1123      8         3        0.00
  1123      8         4        0.00
  1123      9         1        0.00
  1123      9         2        0.00
  1123      9         3        0.00
  1123      9         4        0.00
  1123     10         1        0.00
  1123     10         2        0.00
  1123     10         3       97.62
  1123     10         4      120.69
  1123     11         1        0.00
  1123     11         2        0.00
  1123     11         3      113.86
  1123     11         4      104.88
  1126      1         1        0.00
  1126      1         2        0.00
  1126      1         3        0.00
  1126      1         4        0.00
  1126      2         1        0.00
  1126      2         2        0.00
  1126      2         3        0.00
  1126      2         4        0.00
  1126      3         1        0.00
  1126      3         2        0.00
  1126      3         3        0.00
  1126      3         4        0.00
  1126      4         1        0.00
  1126      4         2        0.00
  1126      4         3        0.00
  1126      4         4        0.00
  1126      5         1        0.00
  1126      5         2        0.00
  1126      5         3        0.00
  1126      5         4        0.00
  1126      6         1        0.00
  1126      6         2        0.00
  1126      6         3        0.00
  1126      6         4        0.00
  1126      7         1        0.00
  1126      7         2        0.00
  1126      7         3        0.00
  1126      7         4        0.00
  1126      8         1        0.00
  1126      8         2        0.00
  1126      8         3        0.00
  1126      8         4        0.00
  1126      9         1        0.00
  1126      9         2        0.00
  1126      9         3        0.00
  1126      9         4       73.87
  1126     10         1        0.00
  1126     10         2        0.00
  1126     10         3       63.62
  1126     10         4      105.00
  1126     11         1        0.00
  1126     11         2        0.00
  1126     11         3       90.46
  1126     11         4      100.77
  1129      1         1        0.00
  1129      1         2        0.00
  1129      1         3        0.00
  1129      1         4        0.00
  1129      2         1        0.00
  1129      2         2        0.00
  1129      2         3        0.00
  1129      2         4        0.00
  1129      3         1        0.00
  1129      3         2        0.00
  1129      3         3        0.00
  1129      3         4        0.00
  1129      4         1        0.00
  1129      4         2        0.00
  1129      4         3        0.00
  1129      4         4        0.00
  1129      5         1        0.00
  1129      5         2        0.00
  1129      5         3        0.00
  1129      5         4        0.00
  1129      6         1        0.00
  1129      6         2        0.00
  1129      6         3        0.00
  1129      6         4        0.00
  1129      7         1        0.00
  1129      7         2        0.00
  1129      7         3        0.00
  1129      7         4        0.00
  1129      8         1        0.00
  1129      8         2        0.00
  1129      8         3        0.00
  1129      8         4       64.25
  1129      9         1        0.00
  1129      9         2        0.00
  1129      9         3       31.83
  1129      9         4       77.07
  1129     10         1        0.00
  1129     10         2      116.33
  1129     10         3      102.94
  1129     10         4      126.48
  1129     11         1        0.00
  1129     11         2       92.66
  1129     11         3      106.03
  1129     11         4      112.88
  1362      1         1        0.00
  1362      1         2        0.00
  1362      1         3        0.00
  1362      1         4        0.00
  1362      2         1        0.00
  1362      2         2        0.00
  1362      2         3        0.00
  1362      2         4        0.00
  1362      3         1        0.00
  1362      3         2        0.00
  1362      3         3        0.00
  1362      3         4        0.00
  1362      4         1        0.00
  1362      4         2        0.00
  1362      4         3        0.00
  1362      4         4        0.00
  1362      5         1        0.00
  1362      5         2        0.00
  1362      5         3        0.00
  1362      5         4        0.00
  1362      6         1        0.00
  1362      6         2        0.00
  1362      6         3        0.00
  1362      6         4        0.00
  1362      7         1        0.00
  1362      7         2        0.00
  1362      7         3        0.00
  1362      7         4       50.68
  1362      8         1        0.00
  1362      8         2        0.00
  1362      8         3        0.00
  1362      8         4       64.12
  1362      9         1        0.00
  1362      9         2        0.00
  1362      9         3       45.62
  1362      9         4       61.91
  1362     10         1        0.00
  1362     10         2        0.00
  1362     10         3        0.00
  1362     10         4      102.79
  1362     11         1       92.92
  1362     11         2        0.00
  1362     11         3       80.70
  1362     11         4       90.38
  1365      1         1        0.00
  1365      1         2        0.00
  1365      1         3        0.00
  1365      1         4        0.00
  1365      2         1        0.00
  1365      2         2        0.00
  1365      2         3        0.00
  1365      2         4        0.00
  1365      3         1        0.00
  1365      3         2        0.00
  1365      3         3        0.00
  1365      3         4        0.00
  1365      4         1        0.00
  1365      4         2        0.00
  1365      4         3        0.00
  1365      4         4        0.00
  1365      5         1        0.00
  1365      5         2        0.00
  1365      5         3        0.00
  1365      5         4        0.00
  1365      6         1        0.00
  1365      6         2        0.00
  1365      6         3        0.00
  1365      6         4        0.00
  1365      7         1        0.00
  1365      7         2        0.00
  1365      7         3        0.00
  1365      7         4        0.00
  1365      8         1        0.00
  1365      8         2        0.00
  1365      8         3       62.05
  1365      8         4       62.05
  1365      9         1        0.00
  1365      9         2        0.00
  1365      9         3        0.00
  1365      9         4       64.77
  1365     10         1        0.00
  1365     10         2        0.00
  1365     10         3       97.83
  1365     10         4       97.83
  1365     11         1        0.00
  1365     11         2        0.00
  1365     11         3       88.25
  1365     11         4       88.25
  1368      1         1        0.00
  1368      1         2        0.00
  1368      1         3        0.00
  1368      1         4        0.00
  1368      2         1        0.00
  1368      2         2        0.00
  1368      2         3        0.00
  1368      2         4        0.00
  1368      3         1        0.00
  1368      3         2        0.00
  1368      3         3        0.00
  1368      3         4        0.00
  1368      4         1        0.00
  1368      4         2        0.00
  1368      4         3        0.00
  1368      4         4        0.00
  1368      5         1        0.00
  1368      5         2        0.00
  1368      5         3        0.00
  1368      5         4        0.00
  1368      6         1        0.00
  1368      6         2        0.00
  1368      6         3        0.00
  1368      6         4        0.00
  1368      7         1        0.00
  1368      7         2        0.00
  1368      7         3        0.00
  1368      7         4        0.00
  1368      8         1        0.00
  1368      8         2        0.00
  1368      8         3       57.22
  1368      8         4       57.22
  1368      9         1        0.00
  1368      9         2        0.00
  1368      9         3        0.00
  1368      9         4       58.93
  1368     10         1        0.00
  1368     10         2        0.00
  1368     10         3        0.00
  1368     10         4       85.62
  1368     11         1        0.00
  1368     11         2        0.00
  1368     11         3       35.94
  1368     11         4      109.90
  1371      1         1        0.00
  1371      1         2        0.00
  1371      1         3        0.00
  1371      1         4        0.00
  1371      2         1        0.00
  1371      2         2        0.00
  1371      2         3        0.00
  1371      2         4        0.00
  1371      3         1        0.00
  1371      3         2        0.00
  1371      3         3        0.00
  1371      3         4        0.00
  1371      4         1        0.00
  1371      4         2        0.00
  1371      4         3        0.00
  1371      4         4        0.00
  1371      5         1        0.00
  1371      5         2        0.00
  1371      5         3        0.00
  1371      5         4        0.00
  1371      6         1        0.00
  1371      6         2        0.00
  1371      6         3        0.00
  1371      6         4        0.00
  1371      7         1        0.00
  1371      7         2        0.00
  1371      7         3        0.00
  1371      7         4       40.65
  1371      8         1        0.00
  1371      8         2        0.00
  1371      8         3        0.00
  1371      8         4       51.36
  1371      9         1        0.00
  1371      9         2        0.00
  1371      9         3        0.00
  1371      9         4       51.81
  1371     10         1        0.00
  1371     10         2        0.00
  1371     10         3       47.88
  1371     10         4       50.99
  1371     11         1        0.00
  1371     11         2        0.00
  1371     11         3        0.00
  1371     11         4       46.27
  1374      1         1        0.00
  1374      1         2        0.00
  1374      1         3        0.00
  1374      1         4        0.00
  1374      2         1        0.00
  1374      2         2        0.00
  1374      2         3        0.00
  1374      2         4        0.00
  1374      3         1        0.00
  1374      3         2        0.00
  1374      3         3        0.00
  1374      3         4        0.00
  1374      4         1        0.00
  1374      4         2        0.00
  1374      4         3        0.00
  1374      4         4        0.00
  1374      5         1        0.00
  1374      5         2        0.00
  1374      5         3        0.00
  1374      5         4        0.00
  1374      6         1        0.00
  1374      6         2        0.00
  1374      6         3        0.00
  1374      6         4        0.00
  1374      7         1        0.00
  1374      7         2        0.00
  1374      7         3        0.00
  1374      7         4       36.15
  1374      8         1        0.00
  1374      8         2        0.00
  1374      8         3       45.75
  1374      8         4       43.57
  1374      9         1        0.00
  1374      9         2        0.00
  1374      9         3        0.00
  1374      9         4       52.62
  1374     10         1       42.32
  1374     10         2       41.59
  1374     10         3       32.13
  1374     10         4       31.69
  1374     11         1        0.00
  1374     11         2       36.76
  1374     11         3       45.23
  1374     11         4       45.42
