 Cycle Period  BidPrice Bid Volumes
   191      1         1        0.00
   191      1         2        0.00
   191      1         3        0.00
   191      1         4        0.00
   191      2         1        0.00
   191      2         2        0.00
   191      2         3        0.00
   191      2         4        0.00
   191      3         1        0.00
   191      3         2        0.00
   191      3         3        0.00
   191      3         4        0.00
   191      4         1        0.00
   191      4         2        0.00
   191      4         3        0.00
   191      4         4        0.00
   191      5         1        0.00
   191      5         2        0.00
   191      5         3        0.00
   191      5         4        0.00
   191      6         1        0.00
   191      6         2        0.00
   191      6         3        0.00
   191      6         4        0.00
   191      7         1        0.00
   191      7         2        0.00
   191      7         3        0.00
   191      7         4        0.00
   191      8         1        0.00
   191      8         2        0.00
   191      8         3        0.00
   191      8         4        0.00
   191      9         1        0.00
   191      9         2        0.00
   191      9         3        0.00
   191      9         4        5.11
   191     10         1        0.00
   191     10         2        0.00
   191     10         3        9.38
   191     10         4       34.03
   191     11         1        0.00
   191     11         2        0.00
   191     11         3       24.00
   191     11         4       21.19
   191     12         1        0.00
   191     12         2        0.00
   191     12         3       16.22
   191     12         4       21.11
   191     13         1        0.00
   191     13         2        0.00
   191     13         3       13.42
   191     13         4       10.62
   194      1         1        0.00
   194      1         2        0.00
   194      1         3        0.00
   194      1         4        0.00
   194      2         1        0.00
   194      2         2        0.00
   194      2         3        0.00
   194      2         4        0.00
   194      3         1        0.00
   194      3         2        0.00
   194      3         3        0.00
   194      3         4        0.00
   194      4         1        0.00
   194      4         2        0.00
   194      4         3        0.00
   194      4         4        0.00
   194      5         1        0.00
   194      5         2        0.00
   194      5         3        0.00
   194      5         4        0.00
   194      6         1        0.00
   194      6         2        0.00
   194      6         3        0.00
   194      6         4        0.00
   194      7         1        0.00
   194      7         2        0.00
   194      7         3        0.00
   194      7         4        0.00
   194      8         1        0.00
   194      8         2        0.00
   194      8         3        0.00
   194      8         4        0.00
   194      9         1        0.00
   194      9         2        0.00
   194      9         3        0.00
   194      9         4        0.00
   194     10         1        0.00
   194     10         2        0.00
   194     10         3       32.45
   194     10         4       39.21
   194     11         1        0.00
   194     11         2        0.00
   194     11         3       26.30
   194     11         4       37.91
   194     12         1        6.58
   194     12         2       27.84
   194     12         3        3.64
   194     12         4       31.72
   194     13         1        0.00
   194     13         2        0.00
   194     13         3       12.35
   194     13         4       25.83
   197      1         1        0.00
   197      1         2        0.00
   197      1         3        0.00
   197      1         4        0.00
   197      2         1        0.00
   197      2         2        0.00
   197      2         3        0.00
   197      2         4        0.00
   197      3         1        0.00
   197      3         2        0.00
   197      3         3        0.00
   197      3         4        0.00
   197      4         1        0.00
   197      4         2        0.00
   197      4         3        0.00
   197      4         4        0.00
   197      5         1        0.00
   197      5         2        0.00
   197      5         3        0.00
   197      5         4        0.00
   197      6         1        0.00
   197      6         2        0.00
   197      6         3        0.00
   197      6         4        0.00
   197      7         1        0.00
   197      7         2        0.00
   197      7         3        0.00
   197      7         4        0.00
   197      8         1        0.00
   197      8         2        0.00
   197      8         3        0.00
   197      8         4        0.00
   197      9         1        0.00
   197      9         2        0.00
   197      9         3        0.00
   197      9         4        0.00
   197     10         1        0.00
   197     10         2        0.00
   197     10         3        0.00
   197     10         4        0.00
   197     11         1       11.19
   197     11         2        0.00
   197     11         3       36.92
   197     11         4       38.73
   197     12         1        0.00
   197     12         2        0.00
   197     12         3        0.00
   197     12         4       29.92
   197     13         1        0.00
   197     13         2        0.00
   197     13         3       13.76
   197     13         4       31.71
   200      1         1        0.00
   200      1         2        0.00
   200      1         3        0.00
   200      1         4        0.00
   200      2         1        0.00
   200      2         2        0.00
   200      2         3        0.00
   200      2         4        0.00
   200      3         1        0.00
   200      3         2        0.00
   200      3         3        0.00
   200      3         4        0.00
   200      4         1        0.00
   200      4         2        0.00
   200      4         3        0.00
   200      4         4        0.00
   200      5         1        0.00
   200      5         2        0.00
   200      5         3        0.00
   200      5         4        0.00
   200      6         1        0.00
   200      6         2        0.00
   200      6         3        0.00
   200      6         4        0.00
   200      7         1        0.00
   200      7         2        0.00
   200      7         3        0.00
   200      7         4        0.00
   200      8         1        0.00
   200      8         2        0.00
   200      8         3        0.00
   200      8         4       27.94
   200      9         1        0.00
   200      9         2        0.00
   200      9         3        0.00
   200      9         4       37.78
   200     10         1        0.00
   200     10         2        0.00
   200     10         3       41.36
   200     10         4       35.41
   200     11         1        0.00
   200     11         2        0.00
   200     11         3       30.25
   200     11         4       31.73
   200     12         1        0.00
   200     12         2        0.00
   200     12         3       30.71
   200     12         4       36.74
   203      1         1        0.00
   203      1         2        0.00
   203      1         3        0.00
   203      1         4        0.00
   203      2         1        0.00
   203      2         2        0.00
   203      2         3        0.00
   203      2         4        0.00
   203      3         1        0.00
   203      3         2        0.00
   203      3         3        0.00
   203      3         4        0.00
   203      4         1        0.00
   203      4         2        0.00
   203      4         3        0.00
   203      4         4        0.00
   203      5         1        0.00
   203      5         2        0.00
   203      5         3        0.00
   203      5         4        0.00
   203      6         1        0.00
   203      6         2        0.00
   203      6         3        0.00
   203      6         4        0.00
   203      7         1        0.00
   203      7         2        0.00
   203      7         3        0.00
   203      7         4       36.45
   203      8         1        0.00
   203      8         2        0.00
   203      8         3        0.00
   203      8         4        0.00
   203      9         1        0.00
   203      9         2        0.00
   203      9         3        0.00
   203      9         4       46.78
   203     10         1        0.00
   203     10         2        0.00
   203     10         3       48.52
   203     10         4       54.20
   203     11         1        0.00
   203     11         2        0.00
   203     11         3       52.13
   203     11         4       39.92
   203     12         1        0.00
   203     12         2        0.00
   203     12         3       43.98
   203     12         4       53.60
   206      1         1        0.00
   206      1         2        0.00
   206      1         3        0.00
   206      1         4        0.00
   206      2         1        0.00
   206      2         2        0.00
   206      2         3        0.00
   206      2         4        0.00
   206      3         1        0.00
   206      3         2        0.00
   206      3         3        0.00
   206      3         4        0.00
   206      4         1        0.00
   206      4         2        0.00
   206      4         3        0.00
   206      4         4        0.00
   206      5         1        0.00
   206      5         2        0.00
   206      5         3        0.00
   206      5         4        0.00
   206      6         1        0.00
   206      6         2        0.00
   206      6         3        0.00
   206      6         4        0.00
   206      7         1        0.00
   206      7         2        0.00
   206      7         3        0.00
   206      7         4        0.00
   206      8         1        0.00
   206      8         2        0.00
   206      8         3        0.00
   206      8         4       51.29
   206      9         1        0.00
   206      9         2        0.00
   206      9         3       54.13
   206      9         4       59.52
   206     10         1        0.00
   206     10         2        0.00
   206     10         3        0.00
   206     10         4       64.63
   206     11         1        0.00
   206     11         2        0.00
   206     11         3       83.02
   206     11         4       87.43
   206     12         1        0.00
   206     12         2       65.38
   206     12         3       57.96
   206     12         4       74.12
   215      1         1        0.00
   215      1         2        0.00
   215      1         3        0.00
   215      1         4        0.00
   215      2         1        0.00
   215      2         2        0.00
   215      2         3        0.00
   215      2         4        0.00
   215      3         1        0.00
   215      3         2        0.00
   215      3         3        0.00
   215      3         4        0.00
   215      4         1        0.00
   215      4         2        0.00
   215      4         3        0.00
   215      4         4        0.00
   215      5         1        0.00
   215      5         2        0.00
   215      5         3        0.00
   215      5         4        0.00
   215      6         1        0.00
   215      6         2        0.00
   215      6         3        0.00
   215      6         4        0.00
   215      7         1        0.00
   215      7         2        0.00
   215      7         3        0.00
   215      7         4        0.00
   215      8         1        0.00
   215      8         2        0.00
   215      8         3       63.85
   215      8         4       63.85
   215      9         1        0.00
   215      9         2        0.00
   215      9         3       74.91
   215      9         4       66.24
   215     10         1        0.00
   215     10         2        0.00
   215     10         3      102.91
   215     10         4      100.18
   215     11         1        0.00
   215     11         2        0.00
   215     11         3      102.42
   215     11         4       86.60
   215     12         1        0.00
   215     12         2        0.00
   215     12         3       82.51
   215     12         4       77.03
   209      1         1        0.00
   209      1         2        0.00
   209      1         3        0.00
   209      1         4        0.00
   209      2         1        0.00
   209      2         2        0.00
   209      2         3        0.00
   209      2         4        0.00
   209      3         1        0.00
   209      3         2        0.00
   209      3         3        0.00
   209      3         4        0.00
   209      4         1        0.00
   209      4         2        0.00
   209      4         3        0.00
   209      4         4        0.00
   209      5         1        0.00
   209      5         2        0.00
   209      5         3        0.00
   209      5         4        0.00
   209      6         1        0.00
   209      6         2        0.00
   209      6         3        0.00
   209      6         4        0.00
   209      7         1        0.00
   209      7         2        0.00
   209      7         3        0.00
   209      7         4        0.00
   209      8         1        0.00
   209      8         2        0.00
   209      8         3        0.00
   209      8         4       58.98
   209      9         1        0.00
   209      9         2        0.00
   209      9         3       58.53
   209      9         4       67.35
   209     10         1        0.00
   209     10         2        0.00
   209     10         3       98.22
   209     10         4       98.37
   209     11         1        0.00
   209     11         2        0.00
   209     11         3       90.82
   209     11         4       87.88
   209     12         1        0.00
   209     12         2        0.00
   209     12         3       76.66
   209     12         4       74.45
   212      1         1        0.00
   212      1         2        0.00
   212      1         3        0.00
   212      1         4        0.00
   212      2         1        0.00
   212      2         2        0.00
   212      2         3        0.00
   212      2         4        0.00
   212      3         1        0.00
   212      3         2        0.00
   212      3         3        0.00
   212      3         4        0.00
   212      4         1        0.00
   212      4         2        0.00
   212      4         3        0.00
   212      4         4        0.00
   212      5         1        0.00
   212      5         2        0.00
   212      5         3        0.00
   212      5         4        0.00
   212      6         1        0.00
   212      6         2        0.00
   212      6         3        0.00
   212      6         4        0.00
   212      7         1        0.00
   212      7         2        0.00
   212      7         3        0.00
   212      7         4        0.00
   212      8         1        0.00
   212      8         2        0.00
   212      8         3       27.16
   212      8         4       62.00
   212      9         1        0.00
   212      9         2        0.00
   212      9         3       63.63
   212      9         4       65.05
   212     10         1        0.00
   212     10         2        0.00
   212     10         3       96.42
   212     10         4       95.74
   212     11         1        0.00
   212     11         2        0.00
   212     11         3        0.00
   212     11         4       88.60
   212     12         1       73.69
   212     12         2       70.00
   212     12         3       74.14
   212     12         4       74.21
   218      1         1        0.00
   218      1         2        0.00
   218      1         3        0.00
   218      1         4        0.00
   218      2         1        0.00
   218      2         2        0.00
   218      2         3        0.00
   218      2         4        0.00
   218      3         1        0.00
   218      3         2        0.00
   218      3         3        0.00
   218      3         4        0.00
   218      4         1        0.00
   218      4         2        0.00
   218      4         3        0.00
   218      4         4        0.00
   218      5         1        0.00
   218      5         2        0.00
   218      5         3        0.00
   218      5         4        0.00
   218      6         1        0.00
   218      6         2        0.00
   218      6         3        0.00
   218      6         4        0.00
   218      7         1        0.00
   218      7         2        0.00
   218      7         3        0.00
   218      7         4        0.00
   218      8         1        0.00
   218      8         2        0.00
   218      8         3        0.00
   218      8         4        0.00
   218      9         1        0.00
   218      9         2        0.00
   218      9         3       63.53
   218      9         4       65.01
   218     10         1        0.00
   218     10         2        0.00
   218     10         3      103.66
   218     10         4      104.64
   218     11         1        0.00
   218     11         2        0.00
   218     11         3       95.00
   218     11         4       93.06
   218     12         1        0.00
   218     12         2       73.26
   218     12         3       93.17
   218     12         4       69.76
   621      1         1        0.00
   621      1         2        0.00
   621      1         3        0.00
   621      1         4        0.00
   621      2         1        0.00
   621      2         2        0.00
   621      2         3        0.00
   621      2         4        0.00
   621      3         1        0.00
   621      3         2        0.00
   621      3         3        0.00
   621      3         4        0.00
   621      4         1        0.00
   621      4         2        0.00
   621      4         3        0.00
   621      4         4        0.00
   621      5         1        0.00
   621      5         2        0.00
   621      5         3        0.00
   621      5         4        0.00
   621      6         1        0.00
   621      6         2        0.00
   621      6         3        0.00
   621      6         4        0.00
   621      7         1        0.00
   621      7         2        0.00
   621      7         3        0.00
   621      7         4       43.70
   621      8         1        0.00
   621      8         2        0.00
   621      8         3        0.00
   621      8         4       38.52
   621      9         1        0.00
   621      9         2        0.00
   621      9         3       61.53
   621      9         4       66.09
   621     10         1        0.00
   621     10         2        0.00
   621     10         3       86.34
   621     10         4      116.34
   621     11         1        0.00
   621     11         2        0.00
   621     11         3      101.07
   621     11         4       95.18
   621     12         1        0.00
   621     12         2        0.00
   621     12         3       83.44
   621     12         4       86.24
   624      1         1        0.00
   624      1         2        0.00
   624      1         3        0.00
   624      1         4        0.00
   624      2         1        0.00
   624      2         2        0.00
   624      2         3        0.00
   624      2         4        0.00
   624      3         1        0.00
   624      3         2        0.00
   624      3         3        0.00
   624      3         4        0.00
   624      4         1        0.00
   624      4         2        0.00
   624      4         3        0.00
   624      4         4        0.00
   624      5         1        0.00
   624      5         2        0.00
   624      5         3        0.00
   624      5         4        0.00
   624      6         1        0.00
   624      6         2        0.00
   624      6         3        0.00
   624      6         4        0.00
   624      7         1        0.00
   624      7         2        0.00
   624      7         3        0.00
   624      7         4       46.70
   624      8         1        0.00
   624      8         2        0.00
   624      8         3        0.00
   624      8         4       59.09
   624      9         1        0.00
   624      9         2        0.00
   624      9         3        0.00
   624      9         4       61.16
   624     10         1        0.00
   624     10         2        0.00
   624     10         3       49.07
   624     10         4       84.48
   624     11         1        0.00
   624     11         2        0.00
   624     11         3       69.45
   624     11         4       72.55
   624     12         1        0.00
   624     12         2        0.00
   624     12         3       39.58
   624     12         4       79.42
   633      1         1        0.00
   633      1         2        0.00
   633      1         3        0.00
   633      1         4        0.00
   633      2         1        0.00
   633      2         2        0.00
   633      2         3        0.00
   633      2         4        0.00
   633      3         1        0.00
   633      3         2        0.00
   633      3         3        0.00
   633      3         4        0.00
   633      4         1        0.00
   633      4         2        0.00
   633      4         3        0.00
   633      4         4        0.00
   633      5         1        0.00
   633      5         2        0.00
   633      5         3        0.00
   633      5         4        0.00
   633      6         1        0.00
   633      6         2        0.00
   633      6         3        0.00
   633      6         4        0.00
   633      7         1        0.00
   633      7         2        0.00
   633      7         3        0.00
   633      7         4        0.00
   633      8         1        0.00
   633      8         2        0.00
   633      8         3        0.00
   633      8         4       36.00
   633      9         1        0.00
   633      9         2        0.00
   633      9         3       12.68
   633      9         4       50.03
   633     10         1       27.39
   633     10         2        0.00
   633     10         3       28.31
   633     10         4       47.71
   633     11         1        0.00
   633     11         2        0.00
   633     11         3       30.57
   633     11         4       43.97
   633     12         1        0.00
   633     12         2        0.00
   633     12         3       38.45
   633     12         4       31.70
   627      1         1        0.00
   627      1         2        0.00
   627      1         3        0.00
   627      1         4        0.00
   627      2         1        0.00
   627      2         2        0.00
   627      2         3        0.00
   627      2         4        0.00
   627      3         1        0.00
   627      3         2        0.00
   627      3         3        0.00
   627      3         4        0.00
   627      4         1        0.00
   627      4         2        0.00
   627      4         3        0.00
   627      4         4        0.00
   627      5         1        0.00
   627      5         2        0.00
   627      5         3        0.00
   627      5         4        0.00
   627      6         1        0.00
   627      6         2        0.00
   627      6         3        0.00
   627      6         4        0.00
   627      7         1        0.00
   627      7         2        0.00
   627      7         3        0.00
   627      7         4        0.00
   627      8         1        0.00
   627      8         2        0.00
   627      8         3        0.00
   627      8         4        0.00
   627      9         1        0.00
   627      9         2        0.00
   627      9         3        0.00
   627      9         4       63.79
   627     10         1        0.00
   627     10         2        0.00
   627     10         3        0.00
   627     10         4       73.01
   627     11         1        0.00
   627     11         2        0.00
   627     11         3       75.67
   627     11         4       75.67
   627     12         1        0.00
   627     12         2        0.00
   627     12         3       61.19
   627     12         4       73.18
   630      1         1        0.00
   630      1         2        0.00
   630      1         3        0.00
   630      1         4        0.00
   630      2         1        0.00
   630      2         2        0.00
   630      2         3        0.00
   630      2         4        0.00
   630      3         1        0.00
   630      3         2        0.00
   630      3         3        0.00
   630      3         4        0.00
   630      4         1        0.00
   630      4         2        0.00
   630      4         3        0.00
   630      4         4        0.00
   630      5         1        0.00
   630      5         2        0.00
   630      5         3        0.00
   630      5         4        0.00
   630      6         1        0.00
   630      6         2        0.00
   630      6         3        0.00
   630      6         4        0.00
   630      7         1        0.00
   630      7         2        0.00
   630      7         3        0.00
   630      7         4        0.00
   630      8         1        0.00
   630      8         2        0.00
   630      8         3       40.57
   630      8         4       47.75
   630      9         1        0.00
   630      9         2        0.00
   630      9         3        0.00
   630      9         4       48.71
   630     10         1        0.00
   630     10         2        0.00
   630     10         3       50.77
   630     10         4       44.03
   630     11         1        0.00
   630     11         2        0.00
   630     11         3       46.67
   630     11         4       26.64
   630     12         1        0.00
   630     12         2        0.00
   630     12         3        0.00
   630     12         4       39.72
   636      1         1        0.00
   636      1         2        0.00
   636      1         3        0.00
   636      1         4        0.00
   636      2         1        0.00
   636      2         2        0.00
   636      2         3        0.00
   636      2         4        0.00
   636      3         1        0.00
   636      3         2        0.00
   636      3         3        0.00
   636      3         4        0.00
   636      4         1        0.00
   636      4         2        0.00
   636      4         3        0.00
   636      4         4        0.00
   636      5         1        0.00
   636      5         2        0.00
   636      5         3        0.00
   636      5         4        0.00
   636      6         1        0.00
   636      6         2        0.00
   636      6         3        0.00
   636      6         4        0.00
   636      7         1        0.00
   636      7         2        0.00
   636      7         3        0.00
   636      7         4        0.00
   636      8         1        0.00
   636      8         2        0.00
   636      8         3        0.00
   636      8         4        0.00
   636      9         1        0.00
   636      9         2        0.00
   636      9         3        0.00
   636      9         4       41.90
   636     10         1        0.00
   636     10         2        0.00
   636     10         3        0.00
   636     10         4       35.47
   636     11         1        0.00
   636     11         2        0.00
   636     11         3       30.80
   636     11         4       32.06
   636     12         1        0.00
   636     12         2        0.00
   636     12         3       24.51
   636     12         4       25.34
   639      1         1        0.00
   639      1         2        0.00
   639      1         3        0.00
   639      1         4        0.00
   639      2         1        0.00
   639      2         2        0.00
   639      2         3        0.00
   639      2         4        0.00
   639      3         1        0.00
   639      3         2        0.00
   639      3         3        0.00
   639      3         4        0.00
   639      4         1        0.00
   639      4         2        0.00
   639      4         3        0.00
   639      4         4        0.00
   639      5         1        0.00
   639      5         2        0.00
   639      5         3        0.00
   639      5         4        0.00
   639      6         1        0.00
   639      6         2        0.00
   639      6         3        0.00
   639      6         4        0.00
   639      7         1        0.00
   639      7         2        0.00
   639      7         3        0.00
   639      7         4        0.00
   639      8         1        0.00
   639      8         2        0.00
   639      8         3        0.00
   639      8         4        0.00
   639      9         1        0.00
   639      9         2        0.00
   639      9         3        0.00
   639      9         4       30.62
   639     10         1        0.00
   639     10         2        0.00
   639     10         3       31.67
   639     10         4       29.82
   639     11         1       16.80
   639     11         2        0.00
   639     11         3        0.00
   639     11         4       24.27
   639     12         1        0.00
   639     12         2        0.00
   639     12         3        0.00
   639     12         4        0.00
   642      1         1        0.00
   642      1         2        0.00
   642      1         3        0.00
   642      1         4        0.00
   642      2         1        0.00
   642      2         2        0.00
   642      2         3        0.00
   642      2         4        0.00
   642      3         1        0.00
   642      3         2        0.00
   642      3         3        0.00
   642      3         4        0.00
   642      4         1        0.00
   642      4         2        0.00
   642      4         3        0.00
   642      4         4        0.00
   642      5         1        0.00
   642      5         2        0.00
   642      5         3        0.00
   642      5         4        0.00
   642      6         1        0.00
   642      6         2        0.00
   642      6         3        0.00
   642      6         4        0.00
   642      7         1        0.00
   642      7         2        0.00
   642      7         3        0.00
   642      7         4        0.00
   642      8         1        0.00
   642      8         2        0.00
   642      8         3        0.00
   642      8         4        0.00
   642      9         1        0.00
   642      9         2        0.00
   642      9         3        0.00
   642      9         4        0.00
   642     10         1        0.00
   642     10         2        0.00
   642     10         3        0.00
   642     10         4       35.51
   642     11         1        0.00
   642     11         2        0.00
   642     11         3       31.72
   642     11         4       25.54
   642     12         1        0.00
   642     12         2        0.00
   642     12         3        0.00
   642     12         4        0.00
   642     13         1        0.00
   642     13         2        0.00
   642     13         3       16.14
   642     13         4       25.30
  1102      1         1        0.00
  1102      1         2        0.00
  1102      1         3        0.00
  1102      1         4        0.00
  1102      2         1        0.00
  1102      2         2        0.00
  1102      2         3        0.00
  1102      2         4        0.00
  1102      3         1        0.00
  1102      3         2        0.00
  1102      3         3        0.00
  1102      3         4        0.00
  1102      4         1        0.00
  1102      4         2        0.00
  1102      4         3        0.00
  1102      4         4        0.00
  1102      5         1        0.00
  1102      5         2        0.00
  1102      5         3        0.00
  1102      5         4        0.00
  1102      6         1        0.00
  1102      6         2        0.00
  1102      6         3        0.00
  1102      6         4        0.00
  1102      7         1        0.00
  1102      7         2        0.00
  1102      7         3        0.00
  1102      7         4        0.00
  1102      8         1        0.00
  1102      8         2        0.00
  1102      8         3        0.00
  1102      8         4        0.00
  1102      9         1        0.00
  1102      9         2        0.00
  1102      9         3        0.00
  1102      9         4        0.00
  1102     10         1        0.00
  1102     10         2        0.00
  1102     10         3       32.69
  1102     10         4       32.69
  1102     11         1        0.00
  1102     11         2        0.00
  1102     11         3        0.00
  1102     11         4       27.09
  1102     12         1        0.00
  1102     12         2        0.00
  1102     12         3       19.73
  1102     12         4       13.40
  1102     13         1        0.00
  1102     13         2       14.67
  1102     13         3        0.00
  1102     13         4       16.01
   645      1         1        0.00
   645      1         2        0.00
   645      1         3        0.00
   645      1         4        0.00
   645      2         1        0.00
   645      2         2        0.00
   645      2         3        0.00
   645      2         4        0.00
   645      3         1        0.00
   645      3         2        0.00
   645      3         3        0.00
   645      3         4        0.00
   645      4         1        0.00
   645      4         2        0.00
   645      4         3        0.00
   645      4         4        0.00
   645      5         1        0.00
   645      5         2        0.00
   645      5         3        0.00
   645      5         4        0.00
   645      6         1        0.00
   645      6         2        0.00
   645      6         3        0.00
   645      6         4        0.00
   645      7         1        0.00
   645      7         2        0.00
   645      7         3        0.00
   645      7         4        0.00
   645      8         1        0.00
   645      8         2        0.00
   645      8         3        0.00
   645      8         4        0.00
   645      9         1        0.00
   645      9         2        0.00
   645      9         3        0.00
   645      9         4        0.00
   645     10         1        0.00
   645     10         2        0.00
   645     10         3        0.00
   645     10         4       32.70
   645     11         1        0.00
   645     11         2        0.00
   645     11         3       23.90
   645     11         4       26.52
   645     12         1        0.00
   645     12         2        0.00
   645     12         3        6.97
   645     12         4       19.55
   645     13         1        0.00
   645     13         2        0.00
   645     13         3       10.19
   645     13         4       12.83
   649      1         1        0.00
   649      1         2        0.00
   649      1         3        0.00
   649      1         4        0.00
   649      2         1        0.00
   649      2         2        0.00
   649      2         3        0.00
   649      2         4        0.00
   649      3         1        0.00
   649      3         2        0.00
   649      3         3        0.00
   649      3         4        0.00
   649      4         1        0.00
   649      4         2        0.00
   649      4         3        0.00
   649      4         4        0.00
   649      5         1        0.00
   649      5         2        0.00
   649      5         3        0.00
   649      5         4        0.00
   649      6         1        0.00
   649      6         2        0.00
   649      6         3        0.00
   649      6         4        0.00
   649      7         1        0.00
   649      7         2        0.00
   649      7         3        0.00
   649      7         4        0.00
   649      8         1        0.00
   649      8         2        0.00
   649      8         3        0.00
   649      8         4        0.00
   649      9         1        0.00
   649      9         2        0.00
   649      9         3        0.00
   649      9         4        0.00
   649     10         1        0.00
   649     10         2        0.00
   649     10         3        0.00
   649     10         4       35.06
   649     11         1        0.00
   649     11         2        0.00
   649     11         3       24.79
   649     11         4       31.03
   649     12         1        0.00
   649     12         2        0.00
   649     12         3       18.67
   649     12         4       18.63
   649     13         1        0.00
   649     13         2        0.00
   649     13         3       16.69
   649     13         4        8.74
  1105      1         1        0.00
  1105      1         2        0.00
  1105      1         3        0.00
  1105      1         4        0.00
  1105      2         1        0.00
  1105      2         2        0.00
  1105      2         3        0.00
  1105      2         4        0.00
  1105      3         1        0.00
  1105      3         2        0.00
  1105      3         3        0.00
  1105      3         4        0.00
  1105      4         1        0.00
  1105      4         2        0.00
  1105      4         3        0.00
  1105      4         4        0.00
  1105      5         1        0.00
  1105      5         2        0.00
  1105      5         3        0.00
  1105      5         4        0.00
  1105      6         1        0.00
  1105      6         2        0.00
  1105      6         3        0.00
  1105      6         4        0.00
  1105      7         1        0.00
  1105      7         2        0.00
  1105      7         3        0.00
  1105      7         4        0.00
  1105      8         1        0.00
  1105      8         2        0.00
  1105      8         3        0.00
  1105      8         4        0.00
  1105      9         1        0.00
  1105      9         2        0.00
  1105      9         3        0.00
  1105      9         4        0.00
  1105     10         1        0.00
  1105     10         2        0.00
  1105     10         3        0.00
  1105     10         4       29.36
  1105     11         1       22.50
  1105     11         2       16.09
  1105     11         3       21.45
  1105     11         4       26.75
  1105     12         1        0.00
  1105     12         2        0.00
  1105     12         3       17.56
  1105     12         4       18.47
  1105     13         1        0.00
  1105     13         2        0.00
  1105     13         3        0.00
  1105     13         4        0.00
  1108      1         1        0.00
  1108      1         2        0.00
  1108      1         3        0.00
  1108      1         4        0.00
  1108      2         1        0.00
  1108      2         2        0.00
  1108      2         3        0.00
  1108      2         4        0.00
  1108      3         1        0.00
  1108      3         2        0.00
  1108      3         3        0.00
  1108      3         4        0.00
  1108      4         1        0.00
  1108      4         2        0.00
  1108      4         3        0.00
  1108      4         4        0.00
  1108      5         1        0.00
  1108      5         2        0.00
  1108      5         3        0.00
  1108      5         4        0.00
  1108      6         1        0.00
  1108      6         2        0.00
  1108      6         3        0.00
  1108      6         4        0.00
  1108      7         1        0.00
  1108      7         2        0.00
  1108      7         3        0.00
  1108      7         4        0.00
  1108      8         1        0.00
  1108      8         2        0.00
  1108      8         3        0.00
  1108      8         4        0.00
  1108      9         1        0.00
  1108      9         2        0.00
  1108      9         3       21.51
  1108      9         4       31.37
  1108     10         1        0.00
  1108     10         2        0.00
  1108     10         3        0.00
  1108     10         4       15.91
  1108     11         1        0.00
  1108     11         2        0.00
  1108     11         3       20.56
  1108     11         4       20.03
  1108     12         1        0.00
  1108     12         2        0.00
  1108     12         3        9.40
  1108     12         4       15.36
  1108     13         1        0.00
  1108     13         2        0.00
  1108     13         3       13.37
  1108     13         4       11.34
  1111      1         1        0.00
  1111      1         2        0.00
  1111      1         3        0.00
  1111      1         4        0.00
  1111      2         1        0.00
  1111      2         2        0.00
  1111      2         3        0.00
  1111      2         4        0.00
  1111      3         1        0.00
  1111      3         2        0.00
  1111      3         3        0.00
  1111      3         4        0.00
  1111      4         1        0.00
  1111      4         2        0.00
  1111      4         3        0.00
  1111      4         4        0.00
  1111      5         1        0.00
  1111      5         2        0.00
  1111      5         3        0.00
  1111      5         4        0.00
  1111      6         1        0.00
  1111      6         2        0.00
  1111      6         3        0.00
  1111      6         4        0.00
  1111      7         1        0.00
  1111      7         2        0.00
  1111      7         3        0.00
  1111      7         4        0.00
  1111      8         1        0.00
  1111      8         2        0.00
  1111      8         3        0.00
  1111      8         4       27.92
  1111      9         1        0.00
  1111      9         2        0.00
  1111      9         3        0.00
  1111      9         4        0.00
  1111     10         1        0.00
  1111     10         2        0.00
  1111     10         3        0.00
  1111     10         4       31.86
  1111     11         1        0.00
  1111     11         2        0.00
  1111     11         3       43.13
  1111     11         4        0.00
  1111     12         1        0.00
  1111     12         2        0.00
  1111     12         3        0.00
  1111     12         4       20.62
  1111     13         1        0.00
  1111     13         2        0.00
  1111     13         3        0.00
  1111     13         4       31.72
  1123      1         1        0.00
  1123      1         2        0.00
  1123      1         3        0.00
  1123      1         4        0.00
  1123      2         1        0.00
  1123      2         2        0.00
  1123      2         3        0.00
  1123      2         4        0.00
  1123      3         1        0.00
  1123      3         2        0.00
  1123      3         3        0.00
  1123      3         4        0.00
  1123      4         1        0.00
  1123      4         2        0.00
  1123      4         3        0.00
  1123      4         4        0.00
  1123      5         1        0.00
  1123      5         2        0.00
  1123      5         3        0.00
  1123      5         4        0.00
  1123      6         1        0.00
  1123      6         2        0.00
  1123      6         3        0.00
  1123      6         4        0.00
  1123      7         1        0.00
  1123      7         2        0.00
  1123      7         3        0.00
  1123      7         4        0.00
  1123      8         1        0.00
  1123      8         2        0.00
  1123      8         3        0.00
  1123      8         4        0.00
  1123      9         1        0.00
  1123      9         2        0.00
  1123      9         3        0.00
  1123      9         4        0.00
  1123     10         1        0.00
  1123     10         2        0.00
  1123     10         3       92.44
  1123     10         4      120.69
  1123     11         1        0.00
  1123     11         2        0.00
  1123     11         3      115.12
  1123     11         4      104.12
  1123     12         1        0.00
  1123     12         2        0.00
  1123     12         3        0.00
  1123     12         4      102.06
  1120      1         1        0.00
  1120      1         2        0.00
  1120      1         3        0.00
  1120      1         4        0.00
  1120      2         1        0.00
  1120      2         2        0.00
  1120      2         3        0.00
  1120      2         4        0.00
  1120      3         1        0.00
  1120      3         2        0.00
  1120      3         3        0.00
  1120      3         4        0.00
  1120      4         1        0.00
  1120      4         2        0.00
  1120      4         3        0.00
  1120      4         4        0.00
  1120      5         1        0.00
  1120      5         2        0.00
  1120      5         3        0.00
  1120      5         4        0.00
  1120      6         1        0.00
  1120      6         2        0.00
  1120      6         3        0.00
  1120      6         4        0.00
  1120      7         1        0.00
  1120      7         2        0.00
  1120      7         3        0.00
  1120      7         4        0.00
  1120      8         1        0.00
  1120      8         2        0.00
  1120      8         3        0.00
  1120      8         4       52.77
  1120      9         1        0.00
  1120      9         2        0.00
  1120      9         3       51.22
  1120      9         4       63.38
  1120     10         1        0.00
  1120     10         2        0.00
  1120     10         3       50.06
  1120     10         4       63.17
  1120     11         1        0.00
  1120     11         2        0.00
  1120     11         3       68.01
  1120     11         4       73.26
  1120     12         1        0.00
  1120     12         2        0.00
  1120     12         3       58.72
  1120     12         4       58.72
  1114      1         1        0.00
  1114      1         2        0.00
  1114      1         3        0.00
  1114      1         4        0.00
  1114      2         1        0.00
  1114      2         2        0.00
  1114      2         3        0.00
  1114      2         4        0.00
  1114      3         1        0.00
  1114      3         2        0.00
  1114      3         3        0.00
  1114      3         4        0.00
  1114      4         1        0.00
  1114      4         2        0.00
  1114      4         3        0.00
  1114      4         4        0.00
  1114      5         1        0.00
  1114      5         2        0.00
  1114      5         3        0.00
  1114      5         4        0.00
  1114      6         1        0.00
  1114      6         2        0.00
  1114      6         3        0.00
  1114      6         4        0.00
  1114      7         1        0.00
  1114      7         2        0.00
  1114      7         3        0.00
  1114      7         4        0.00
  1114      8         1        0.00
  1114      8         2        0.00
  1114      8         3        0.00
  1114      8         4        0.00
  1114      9         1        0.00
  1114      9         2        0.00
  1114      9         3        0.00
  1114      9         4       38.26
  1114     10         1        0.00
  1114     10         2        0.00
  1114     10         3        0.00
  1114     10         4       40.55
  1114     11         1        0.00
  1114     11         2        0.00
  1114     11         3        0.00
  1114     11         4       49.99
  1114     12         1        0.00
  1114     12         2        0.00
  1114     12         3        0.00
  1114     12         4       31.72
  1117      1         1        0.00
  1117      1         2        0.00
  1117      1         3        0.00
  1117      1         4        0.00
  1117      2         1        0.00
  1117      2         2        0.00
  1117      2         3        0.00
  1117      2         4        0.00
  1117      3         1        0.00
  1117      3         2        0.00
  1117      3         3        0.00
  1117      3         4        0.00
  1117      4         1        0.00
  1117      4         2        0.00
  1117      4         3        0.00
  1117      4         4        0.00
  1117      5         1        0.00
  1117      5         2        0.00
  1117      5         3        0.00
  1117      5         4        0.00
  1117      6         1        0.00
  1117      6         2        0.00
  1117      6         3        0.00
  1117      6         4        0.00
  1117      7         1        0.00
  1117      7         2        0.00
  1117      7         3        0.00
  1117      7         4        0.00
  1117      8         1        0.00
  1117      8         2        0.00
  1117      8         3        0.00
  1117      8         4       45.68
  1117      9         1        0.00
  1117      9         2        0.00
  1117      9         3       45.02
  1117      9         4       45.24
  1117     10         1        0.00
  1117     10         2        0.00
  1117     10         3       32.68
  1117     10         4       50.89
  1117     11         1        0.00
  1117     11         2        0.00
  1117     11         3        0.00
  1117     11         4       47.15
  1117     12         1        0.00
  1117     12         2        0.00
  1117     12         3       35.65
  1117     12         4       35.64
  1129      1         1        0.00
  1129      1         2        0.00
  1129      1         3        0.00
  1129      1         4        0.00
  1129      2         1        0.00
  1129      2         2        0.00
  1129      2         3        0.00
  1129      2         4        0.00
  1129      3         1        0.00
  1129      3         2        0.00
  1129      3         3        0.00
  1129      3         4        0.00
  1129      4         1        0.00
  1129      4         2        0.00
  1129      4         3        0.00
  1129      4         4        0.00
  1129      5         1        0.00
  1129      5         2        0.00
  1129      5         3        0.00
  1129      5         4        0.00
  1129      6         1        0.00
  1129      6         2        0.00
  1129      6         3        0.00
  1129      6         4        0.00
  1129      7         1        0.00
  1129      7         2        0.00
  1129      7         3        0.00
  1129      7         4        0.00
  1129      8         1        0.00
  1129      8         2        0.00
  1129      8         3        0.00
  1129      8         4       64.25
  1129      9         1        0.00
  1129      9         2        0.00
  1129      9         3       31.83
  1129      9         4       77.07
  1129     10         1        0.00
  1129     10         2      115.49
  1129     10         3      111.17
  1129     10         4      126.47
  1129     11         1        0.00
  1129     11         2       92.89
  1129     11         3      105.87
  1129     11         4      112.88
  1129     12         1        0.00
  1129     12         2        0.00
  1129     12         3       86.97
  1129     12         4       92.41
  1126      1         1        0.00
  1126      1         2        0.00
  1126      1         3        0.00
  1126      1         4        0.00
  1126      2         1        0.00
  1126      2         2        0.00
  1126      2         3        0.00
  1126      2         4        0.00
  1126      3         1        0.00
  1126      3         2        0.00
  1126      3         3        0.00
  1126      3         4        0.00
  1126      4         1        0.00
  1126      4         2        0.00
  1126      4         3        0.00
  1126      4         4        0.00
  1126      5         1        0.00
  1126      5         2        0.00
  1126      5         3        0.00
  1126      5         4        0.00
  1126      6         1        0.00
  1126      6         2        0.00
  1126      6         3        0.00
  1126      6         4        0.00
  1126      7         1        0.00
  1126      7         2        0.00
  1126      7         3        0.00
  1126      7         4        0.00
  1126      8         1        0.00
  1126      8         2        0.00
  1126      8         3        0.00
  1126      8         4        0.00
  1126      9         1        0.00
  1126      9         2        0.00
  1126      9         3        0.00
  1126      9         4       73.87
  1126     10         1        0.00
  1126     10         2        0.00
  1126     10         3       63.62
  1126     10         4      105.00
  1126     11         1        0.00
  1126     11         2        0.00
  1126     11         3       90.46
  1126     11         4      100.77
  1126     12         1        0.00
  1126     12         2        0.00
  1126     12         3       70.70
  1126     12         4       80.56
  1371      1         1        0.00
  1371      1         2        0.00
  1371      1         3        0.00
  1371      1         4        0.00
  1371      2         1        0.00
  1371      2         2        0.00
  1371      2         3        0.00
  1371      2         4        0.00
  1371      3         1        0.00
  1371      3         2        0.00
  1371      3         3        0.00
  1371      3         4        0.00
  1371      4         1        0.00
  1371      4         2        0.00
  1371      4         3        0.00
  1371      4         4        0.00
  1371      5         1        0.00
  1371      5         2        0.00
  1371      5         3        0.00
  1371      5         4        0.00
  1371      6         1        0.00
  1371      6         2        0.00
  1371      6         3        0.00
  1371      6         4        0.00
  1371      7         1        0.00
  1371      7         2        0.00
  1371      7         3        0.00
  1371      7         4       40.65
  1371      8         1        0.00
  1371      8         2        0.00
  1371      8         3        0.00
  1371      8         4       51.36
  1371      9         1        0.00
  1371      9         2        0.00
  1371      9         3        0.00
  1371      9         4       51.81
  1371     10         1        0.00
  1371     10         2        0.00
  1371     10         3       44.78
  1371     10         4       50.99
  1371     11         1        0.00
  1371     11         2        0.00
  1371     11         3        0.00
  1371     11         4       46.27
  1371     12         1        0.00
  1371     12         2        0.00
  1371     12         3       46.91
  1371     12         4       51.38
  1368      1         1        0.00
  1368      1         2        0.00
  1368      1         3        0.00
  1368      1         4        0.00
  1368      2         1        0.00
  1368      2         2        0.00
  1368      2         3        0.00
  1368      2         4        0.00
  1368      3         1        0.00
  1368      3         2        0.00
  1368      3         3        0.00
  1368      3         4        0.00
  1368      4         1        0.00
  1368      4         2        0.00
  1368      4         3        0.00
  1368      4         4        0.00
  1368      5         1        0.00
  1368      5         2        0.00
  1368      5         3        0.00
  1368      5         4        0.00
  1368      6         1        0.00
  1368      6         2        0.00
  1368      6         3        0.00
  1368      6         4        0.00
  1368      7         1        0.00
  1368      7         2        0.00
  1368      7         3        0.00
  1368      7         4        0.00
  1368      8         1        0.00
  1368      8         2        0.00
  1368      8         3       57.22
  1368      8         4       57.22
  1368      9         1        0.00
  1368      9         2        0.00
  1368      9         3        0.00
  1368      9         4       58.93
  1368     10         1        0.00
  1368     10         2        0.00
  1368     10         3        0.00
  1368     10         4       85.62
  1368     11         1        0.00
  1368     11         2        0.00
  1368     11         3       35.94
  1368     11         4      109.90
  1368     12         1        0.00
  1368     12         2       92.98
  1368     12         3       36.77
  1368     12         4       75.47
  1362      1         1        0.00
  1362      1         2        0.00
  1362      1         3        0.00
  1362      1         4        0.00
  1362      2         1        0.00
  1362      2         2        0.00
  1362      2         3        0.00
  1362      2         4        0.00
  1362      3         1        0.00
  1362      3         2        0.00
  1362      3         3        0.00
  1362      3         4        0.00
  1362      4         1        0.00
  1362      4         2        0.00
  1362      4         3        0.00
  1362      4         4        0.00
  1362      5         1        0.00
  1362      5         2        0.00
  1362      5         3        0.00
  1362      5         4        0.00
  1362      6         1        0.00
  1362      6         2        0.00
  1362      6         3        0.00
  1362      6         4        0.00
  1362      7         1        0.00
  1362      7         2        0.00
  1362      7         3        0.00
  1362      7         4       50.68
  1362      8         1        0.00
  1362      8         2        0.00
  1362      8         3        0.00
  1362      8         4       64.12
  1362      9         1        0.00
  1362      9         2        0.00
  1362      9         3       45.62
  1362      9         4       61.91
  1362     10         1        0.00
  1362     10         2        0.00
  1362     10         3        0.00
  1362     10         4      102.79
  1362     11         1       92.92
  1362     11         2        0.00
  1362     11         3       80.70
  1362     11         4       90.38
  1362     12         1        0.00
  1362     12         2        0.00
  1362     12         3       62.21
  1362     12         4       78.98
  1365      1         1        0.00
  1365      1         2        0.00
  1365      1         3        0.00
  1365      1         4        0.00
  1365      2         1        0.00
  1365      2         2        0.00
  1365      2         3        0.00
  1365      2         4        0.00
  1365      3         1        0.00
  1365      3         2        0.00
  1365      3         3        0.00
  1365      3         4        0.00
  1365      4         1        0.00
  1365      4         2        0.00
  1365      4         3        0.00
  1365      4         4        0.00
  1365      5         1        0.00
  1365      5         2        0.00
  1365      5         3        0.00
  1365      5         4        0.00
  1365      6         1        0.00
  1365      6         2        0.00
  1365      6         3        0.00
  1365      6         4        0.00
  1365      7         1        0.00
  1365      7         2        0.00
  1365      7         3        0.00
  1365      7         4        0.00
  1365      8         1        0.00
  1365      8         2        0.00
  1365      8         3       62.05
  1365      8         4       62.05
  1365      9         1        0.00
  1365      9         2        0.00
  1365      9         3        0.00
  1365      9         4       64.77
  1365     10         1        0.00
  1365     10         2        0.00
  1365     10         3       97.83
  1365     10         4       97.83
  1365     11         1        0.00
  1365     11         2        0.00
  1365     11         3       88.25
  1365     11         4       88.25
  1365     12         1       72.96
  1365     12         2        0.00
  1365     12         3       74.74
  1365     12         4       74.74
  1374      1         1        0.00
  1374      1         2        0.00
  1374      1         3        0.00
  1374      1         4        0.00
  1374      2         1        0.00
  1374      2         2        0.00
  1374      2         3        0.00
  1374      2         4        0.00
  1374      3         1        0.00
  1374      3         2        0.00
  1374      3         3        0.00
  1374      3         4        0.00
  1374      4         1        0.00
  1374      4         2        0.00
  1374      4         3        0.00
  1374      4         4        0.00
  1374      5         1        0.00
  1374      5         2        0.00
  1374      5         3        0.00
  1374      5         4        0.00
  1374      6         1        0.00
  1374      6         2        0.00
  1374      6         3        0.00
  1374      6         4        0.00
  1374      7         1        0.00
  1374      7         2        0.00
  1374      7         3        0.00
  1374      7         4       36.15
  1374      8         1        0.00
  1374      8         2        0.00
  1374      8         3       45.75
  1374      8         4       43.57
  1374      9         1        0.00
  1374      9         2        0.00
  1374      9         3        8.57
  1374      9         4       52.61
  1374     10         1       34.89
  1374     10         2       41.39
  1374     10         3       37.13
  1374     10         4       43.35
  1374     11         1        0.00
  1374     11         2       39.49
  1374     11         3       41.51
  1374     11         4       43.50
  1374     12         1        0.00
  1374     12         2        0.00
  1374     12         3       22.76
  1374     12         4       36.47
  1377      1         1        0.00
  1377      1         2        0.00
  1377      1         3        0.00
  1377      1         4        0.00
  1377      2         1        0.00
  1377      2         2        0.00
  1377      2         3        0.00
  1377      2         4        0.00
  1377      3         1        0.00
  1377      3         2        0.00
  1377      3         3        0.00
  1377      3         4        0.00
  1377      4         1        0.00
  1377      4         2        0.00
  1377      4         3        0.00
  1377      4         4        0.00
  1377      5         1        0.00
  1377      5         2        0.00
  1377      5         3        0.00
  1377      5         4        0.00
  1377      6         1        0.00
  1377      6         2        0.00
  1377      6         3        0.00
  1377      6         4        0.00
  1377      7         1        0.00
  1377      7         2        0.00
  1377      7         3        0.00
  1377      7         4        0.00
  1377      8         1        0.00
  1377      8         2        0.00
  1377      8         3        0.00
  1377      8         4        0.00
  1377      9         1        0.00
  1377      9         2        0.00
  1377      9         3       30.46
  1377      9         4       47.07
  1377     10         1        0.00
  1377     10         2        0.00
  1377     10         3       33.68
  1377     10         4       44.40
  1377     11         1        0.00
  1377     11         2       35.22
  1377     11         3        0.00
  1377     11         4       36.12
  1377     12         1       25.12
  1377     12         2        0.00
  1377     12         3       33.57
  1377     12         4       24.69
  1389      1         1        0.00
  1389      1         2        0.00
  1389      1         3        0.00
  1389      1         4        0.00
  1389      2         1        0.00
  1389      2         2        0.00
  1389      2         3        0.00
  1389      2         4        0.00
  1389      3         1        0.00
  1389      3         2        0.00
  1389      3         3        0.00
  1389      3         4        0.00
  1389      4         1        0.00
  1389      4         2        0.00
  1389      4         3        0.00
  1389      4         4        0.00
  1389      5         1        0.00
  1389      5         2        0.00
  1389      5         3        0.00
  1389      5         4        0.00
  1389      6         1        0.00
  1389      6         2        0.00
  1389      6         3        0.00
  1389      6         4        0.00
  1389      7         1        0.00
  1389      7         2        0.00
  1389      7         3        0.00
  1389      7         4        0.00
  1389      8         1        0.00
  1389      8         2        0.00
  1389      8         3        0.00
  1389      8         4        0.00
  1389      9         1        0.00
  1389      9         2        0.00
  1389      9         3        0.00
  1389      9         4        0.00
  1389     10         1        0.00
  1389     10         2        0.00
  1389     10         3        9.10
  1389     10         4       32.88
  1389     11         1        0.00
  1389     11         2        0.00
  1389     11         3       29.17
  1389     11         4       25.79
  1389     12         1        0.00
  1389     12         2        0.00
  1389     12         3        0.00
  1389     12         4       20.58
  1389     13         1        0.00
  1389     13         2       14.33
  1389     13         3        3.86
  1389     13         4       16.02
  1386      1         1        0.00
  1386      1         2        0.00
  1386      1         3        0.00
  1386      1         4        0.00
  1386      2         1        0.00
  1386      2         2        0.00
  1386      2         3        0.00
  1386      2         4        0.00
  1386      3         1        0.00
  1386      3         2        0.00
  1386      3         3        0.00
  1386      3         4        0.00
  1386      4         1        0.00
  1386      4         2        0.00
  1386      4         3        0.00
  1386      4         4        0.00
  1386      5         1        0.00
  1386      5         2        0.00
  1386      5         3        0.00
  1386      5         4        0.00
  1386      6         1        0.00
  1386      6         2        0.00
  1386      6         3        0.00
  1386      6         4        0.00
  1386      7         1        0.00
  1386      7         2        0.00
  1386      7         3        0.00
  1386      7         4        0.00
  1386      8         1        0.00
  1386      8         2        0.00
  1386      8         3        0.00
  1386      8         4        0.00
  1386      9         1        0.00
  1386      9         2        0.00
  1386      9         3        0.00
  1386      9         4        0.00
  1386     10         1        0.00
  1386     10         2        0.00
  1386     10         3        0.00
  1386     10         4       34.26
  1386     11         1        0.00
  1386     11         2        0.00
  1386     11         3        0.00
  1386     11         4       27.90
  1386     12         1        0.00
  1386     12         2       14.52
  1386     12         3       20.80
  1386     12         4       20.80
  1386     13         1        0.00
  1386     13         2        7.84
  1386     13         3       10.88
  1386     13         4       18.48
  1380      1         1        0.00
  1380      1         2        0.00
  1380      1         3        0.00
  1380      1         4        0.00
  1380      2         1        0.00
  1380      2         2        0.00
  1380      2         3        0.00
  1380      2         4        0.00
  1380      3         1        0.00
  1380      3         2        0.00
  1380      3         3        0.00
  1380      3         4        0.00
  1380      4         1        0.00
  1380      4         2        0.00
  1380      4         3        0.00
  1380      4         4        0.00
  1380      5         1        0.00
  1380      5         2        0.00
  1380      5         3        0.00
  1380      5         4        0.00
  1380      6         1        0.00
  1380      6         2        0.00
  1380      6         3        0.00
  1380      6         4        0.00
  1380      7         1        0.00
  1380      7         2        0.00
  1380      7         3        0.00
  1380      7         4        0.00
  1380      8         1        0.00
  1380      8         2        0.00
  1380      8         3        0.00
  1380      8         4       22.43
  1380      9         1        0.00
  1380      9         2        0.00
  1380      9         3        0.00
  1380      9         4       35.64
  1380     10         1        0.00
  1380     10         2        0.00
  1380     10         3        0.00
  1380     10         4       39.87
  1380     11         1        0.00
  1380     11         2        0.00
  1380     11         3       31.70
  1380     11         4       31.70
  1380     12         1        0.00
  1380     12         2        0.00
  1380     12         3       31.70
  1380     12         4       31.70
  1383      1         1        0.00
  1383      1         2        0.00
  1383      1         3        0.00
  1383      1         4        0.00
  1383      2         1        0.00
  1383      2         2        0.00
  1383      2         3        0.00
  1383      2         4        0.00
  1383      3         1        0.00
  1383      3         2        0.00
  1383      3         3        0.00
  1383      3         4        0.00
  1383      4         1        0.00
  1383      4         2        0.00
  1383      4         3        0.00
  1383      4         4        0.00
  1383      5         1        0.00
  1383      5         2        0.00
  1383      5         3        0.00
  1383      5         4        0.00
  1383      6         1        0.00
  1383      6         2        0.00
  1383      6         3        0.00
  1383      6         4        0.00
  1383      7         1        0.00
  1383      7         2        0.00
  1383      7         3        0.00
  1383      7         4        0.00
  1383      8         1        0.00
  1383      8         2        0.00
  1383      8         3        0.00
  1383      8         4        0.00
  1383      9         1        0.00
  1383      9         2        0.00
  1383      9         3        0.00
  1383      9         4       25.22
  1383     10         1        0.00
  1383     10         2        0.00
  1383     10         3        0.09
  1383     10         4       31.72
  1383     11         1        0.00
  1383     11         2        0.00
  1383     11         3       13.17
  1383     11         4       38.55
  1383     12         1       18.40
  1383     12         2        0.00
  1383     12         3       20.66
  1383     12         4       21.12
  1383     13         1        0.00
  1383     13         2        0.00
  1383     13         3        0.00
  1383     13         4        0.00
