 Cycle Period  Scenario      SoldDA      SoldRT
   190      1         1        0.00        0.00
   190      1         2        0.00        0.00
   190      1         3        0.00        0.00
   190      1         4        0.00        0.00
   190      1         5        0.00        0.00
   190      1         6        0.00        0.00
   190      1         7        0.00        0.00
   190      1         8        0.00        0.00
   190      1         9        0.00        0.00
   190      1        10        0.00        0.00
   190      2         1        0.00        0.00
   190      2         2        0.00        0.00
   190      2         3        0.00        0.00
   190      2         4        0.00        0.00
   190      2         5        0.00        0.00
   190      2         6        0.00        0.00
   190      2         7        0.00        0.00
   190      2         8        0.00        0.00
   190      2         9        0.00        0.00
   190      2        10        0.00        0.00
   190      3         1        0.00        0.00
   190      3         2        0.00        0.00
   190      3         3        0.00        0.00
   190      3         4        0.00        0.00
   190      3         5        0.00        0.00
   190      3         6        0.00        0.00
   190      3         7        0.00        0.00
   190      3         8        0.00        0.00
   190      3         9        0.00        0.00
   190      3        10        0.00        0.00
   190      4         1        0.00        0.00
   190      4         2        0.00        0.00
   190      4         3        0.00        0.00
   190      4         4        0.00        0.00
   190      4         5        0.00        0.00
   190      4         6        0.00        0.00
   190      4         7        0.00        0.00
   190      4         8        0.00        0.00
   190      4         9        0.00        0.00
   190      4        10        0.00        0.00
   190      5         1        0.00        0.00
   190      5         2        0.00        0.00
   190      5         3        0.00        0.00
   190      5         4        0.00        0.00
   190      5         5        0.00        0.00
   190      5         6        0.00        0.00
   190      5         7        0.00        0.00
   190      5         8        0.00        0.00
   190      5         9        0.00        0.00
   190      5        10        0.00        0.00
   190      6         1        0.00        0.00
   190      6         2        0.00        0.00
   190      6         3        0.00        0.00
   190      6         4        0.00        0.00
   190      6         5        0.00        0.00
   190      6         6        0.00        0.00
   190      6         7        0.00        0.00
   190      6         8        0.00        0.00
   190      6         9        0.00        0.00
   190      6        10        0.00        0.00
   190      7         1        0.00        0.00
   190      7         2        0.00        0.00
   190      7         3        0.00        0.00
   190      7         4        0.00        0.00
   190      7         5        0.00        0.00
   190      7         6        0.00        0.00
   190      7         7        0.00        0.00
   190      7         8        0.00        0.00
   190      7         9        0.00        0.00
   190      7        10        0.00        0.00
   190      8         1        0.00        0.00
   190      8         2        0.00        0.00
   190      8         3        0.00        0.00
   190      8         4        0.00        0.00
   190      8         5        0.00        0.00
   190      8         6        0.00        0.00
   190      8         7        0.00        0.00
   190      8         8        0.00        0.00
   190      8         9        0.00        0.00
   190      8        10        0.00        0.00
   190      9         1        0.00        0.00
   190      9         2        0.00        0.00
   190      9         3        0.00        0.00
   190      9         4        0.00        0.00
   190      9         5        0.00        0.00
   190      9         6        0.00        0.00
   190      9         7        0.00        0.00
   190      9         8        0.00        0.00
   190      9         9        0.00        0.00
   190      9        10        0.00        0.00
   190     10         1        0.00        0.97
   190     10         2        0.00        0.00
   190     10         3        0.00        1.94
   190     10         4        0.00        0.88
   190     10         5        0.00        1.94
   190     10         6        0.56        1.38
   190     10         7        0.63        1.32
   190     10         8        0.00        1.94
   190     10         9        1.94        0.00
   190     10        10        0.00        0.00
   190     11         1        0.00        1.87
   190     11         2        0.00        2.15
   190     11         3        0.00        1.54
   190     11         4        0.00        1.86
   190     11         5        0.00        1.54
   190     11         6        0.45        1.10
   190     11         7        0.50        1.05
   190     11         8        0.00        1.54
   190     11         9        1.54        0.00
   190     11        10        0.00        1.62
   190     12         1        0.00        1.39
   190     12         2        1.72        0.00
   190     12         3        0.00        1.13
   190     12         4        0.00        1.39
   190     12         5        0.00        1.13
   190     12         6        0.94        0.20
   190     12         7        0.36        0.77
   190     12         8        0.00        1.13
   190     12         9        1.13        0.00
   190     12        10        0.15        1.72
   190     13         1        0.00        0.94
   190     13         2        0.00        1.19
   190     13         3        0.00        0.73
   190     13         4        0.00        0.93
   190     13         5        0.00        0.73
   190     13         6        0.61        0.13
   190     13         7        0.23        0.50
   190     13         8        0.00        0.73
   190     13         9        0.73        0.00
   190     13        10        0.00        1.31
   198      1         1        0.00        0.00
   198      1         2        0.00        0.00
   198      1         3        0.00        0.00
   198      1         4        0.00        0.00
   198      1         5        0.00        0.00
   198      1         6        0.00        0.00
   198      1         7        0.00        0.00
   198      1         8        0.00        0.00
   198      1         9        0.00        0.00
   198      1        10        0.00        0.00
   198      2         1        0.00        0.00
   198      2         2        0.00        0.00
   198      2         3        0.00        0.00
   198      2         4        0.00        0.00
   198      2         5        0.00        0.00
   198      2         6        0.00        0.00
   198      2         7        0.00        0.00
   198      2         8        0.00        0.00
   198      2         9        0.00        0.00
   198      2        10        0.00        0.00
   198      3         1        0.00        0.00
   198      3         2        0.00        0.00
   198      3         3        0.00        0.00
   198      3         4        0.00        0.00
   198      3         5        0.00        0.00
   198      3         6        0.00        0.00
   198      3         7        0.00        0.00
   198      3         8        0.00        0.00
   198      3         9        0.00        0.00
   198      3        10        0.00        0.00
   198      4         1        0.00        0.00
   198      4         2        0.00        0.00
   198      4         3        0.00        0.00
   198      4         4        0.00        0.00
   198      4         5        0.00        0.00
   198      4         6        0.00        0.00
   198      4         7        0.00        0.00
   198      4         8        0.00        0.00
   198      4         9        0.00        0.00
   198      4        10        0.00        0.00
   198      5         1        0.00        0.00
   198      5         2        0.00        0.00
   198      5         3        0.00        0.00
   198      5         4        0.00        0.00
   198      5         5        0.00        0.00
   198      5         6        0.00        0.00
   198      5         7        0.00        0.00
   198      5         8        0.00        0.00
   198      5         9        0.00        0.00
   198      5        10        0.00        0.00
   198      6         1        0.00        0.00
   198      6         2        0.00        0.00
   198      6         3        0.00        0.00
   198      6         4        0.00        0.00
   198      6         5        0.00        0.00
   198      6         6        0.00        0.00
   198      6         7        0.00        0.00
   198      6         8        0.00        0.00
   198      6         9        0.00        0.00
   198      6        10        0.00        0.00
   198      7         1        0.00        0.00
   198      7         2        0.00        0.00
   198      7         3        0.00        0.00
   198      7         4        0.00        0.00
   198      7         5        0.00        0.00
   198      7         6        0.00        0.00
   198      7         7        0.00        0.00
   198      7         8        0.00        0.00
   198      7         9        0.00        0.00
   198      7        10        0.00        0.00
   198      8         1        0.00        0.00
   198      8         2        0.00        0.00
   198      8         3        0.00        0.00
   198      8         4        0.00        0.00
   198      8         5        0.00        0.00
   198      8         6        0.00        0.00
   198      8         7        0.00        0.00
   198      8         8        0.00        0.00
   198      8         9        0.00        0.79
   198      8        10        0.00        0.00
   198      9         1        0.00        2.53
   198      9         2        0.00        2.53
   198      9         3        0.00        1.89
   198      9         4        0.00        2.53
   198      9         5        0.00        2.53
   198      9         6        0.00        1.74
   198      9         7        0.00        2.53
   198      9         8        0.00        2.53
   198      9         9        0.00        2.31
   198      9        10        0.00        2.02
   198     10         1        0.00        2.34
   198     10         2        0.00        2.34
   198     10         3        2.40        0.08
   198     10         4        2.30        0.05
   198     10         5        2.34        0.00
   198     10         6        2.50        0.00
   198     10         7        0.00        2.34
   198     10         8        1.51        0.83
   198     10         9        0.01        2.11
   198     10        10        2.34        0.00
   198     11         1        0.00        2.09
   198     11         2        0.00        2.09
   198     11         3        0.00        2.21
   198     11         4        0.00        2.09
   198     11         5        0.00        2.09
   198     11         6        0.00        2.24
   198     11         7        0.00        2.09
   198     11         8        0.00        2.09
   198     11         9        0.00        1.86
   198     11        10        0.00        2.21
   198     12         1        0.00        1.72
   198     12         2        1.72        0.00
   198     12         3        0.00        1.86
   198     12         4        1.50        0.21
   198     12         5        1.72        0.00
   198     12         6        1.31        0.58
   198     12         7        1.67        0.05
   198     12         8        1.51        0.20
   198     12         9        1.25        0.21
   198     12        10        1.72        0.15
   206      1         1        0.00        0.00
   206      1         2        0.00        0.00
   206      1         3        0.00        0.00
   206      1         4        0.00        0.00
   206      1         5        0.00        0.00
   206      1         6        0.00        0.00
   206      1         7        0.00        0.00
   206      1         8        0.00        0.00
   206      1         9        0.00        0.00
   206      1        10        0.00        0.00
   206      2         1        0.00        0.00
   206      2         2        0.00        0.00
   206      2         3        0.00        0.00
   206      2         4        0.00        0.00
   206      2         5        0.00        0.00
   206      2         6        0.00        0.00
   206      2         7        0.00        0.00
   206      2         8        0.00        0.00
   206      2         9        0.00        0.00
   206      2        10        0.00        0.00
   206      3         1        0.00        0.00
   206      3         2        0.00        0.00
   206      3         3        0.00        0.00
   206      3         4        0.00        0.00
   206      3         5        0.00        0.00
   206      3         6        0.00        0.00
   206      3         7        0.00        0.00
   206      3         8        0.00        0.00
   206      3         9        0.00        0.00
   206      3        10        0.00        0.00
   206      4         1        0.00        0.00
   206      4         2        0.00        0.00
   206      4         3        0.00        0.00
   206      4         4        0.00        0.00
   206      4         5        0.00        0.00
   206      4         6        0.00        0.00
   206      4         7        0.00        0.00
   206      4         8        0.00        0.00
   206      4         9        0.00        0.00
   206      4        10        0.00        0.00
   206      5         1        0.00        0.00
   206      5         2        0.00        0.00
   206      5         3        0.00        0.00
   206      5         4        0.00        0.00
   206      5         5        0.00        0.00
   206      5         6        0.00        0.00
   206      5         7        0.00        0.00
   206      5         8        0.00        0.00
   206      5         9        0.00        0.00
   206      5        10        0.00        0.00
   206      6         1        0.00        0.00
   206      6         2        0.00        0.00
   206      6         3        0.00        0.00
   206      6         4        0.00        0.00
   206      6         5        0.00        0.00
   206      6         6        0.00        0.00
   206      6         7        0.00        0.00
   206      6         8        0.00        0.00
   206      6         9        0.00        0.00
   206      6        10        0.00        0.00
   206      7         1        0.00        0.00
   206      7         2        0.00        0.00
   206      7         3        0.00        0.00
   206      7         4        0.00        0.00
   206      7         5        0.00        0.00
   206      7         6        0.00        0.00
   206      7         7        0.00        0.00
   206      7         8        0.00        0.00
   206      7         9        0.00        0.00
   206      7        10        0.00        0.00
   206      8         1        0.00        3.13
   206      8         2        0.00        3.13
   206      8         3        0.00        3.13
   206      8         4        0.00        0.00
   206      8         5        0.00        0.00
   206      8         6        0.00        0.00
   206      8         7        0.00        3.13
   206      8         8        0.00        3.13
   206      8         9        0.00        0.00
   206      8        10        0.00        3.13
   206      9         1        0.00        2.84
   206      9         2        0.00        2.84
   206      9         3        0.00        2.84
   206      9         4        0.00        3.76
   206      9         5        0.00        3.76
   206      9         6        0.00        3.76
   206      9         7        0.00        2.84
   206      9         8        0.00        2.84
   206      9         9        0.00        3.76
   206      9        10        0.00        2.84
   206     10         1        0.00        3.27
   206     10         2        0.00        3.27
   206     10         3        0.00        3.27
   206     10         4        0.00        3.74
   206     10         5        0.00        3.74
   206     10         6        0.00        3.47
   206     10         7        0.00        3.27
   206     10         8        0.00        3.27
   206     10         9        0.00        3.74
   206     10        10        0.00        3.27
   206     11         1        0.00        4.26
   206     11         2        0.00        4.26
   206     11         3        0.00        4.26
   206     11         4        0.00        5.14
   206     11         5        0.00        5.14
   206     11         6        0.00        5.28
   206     11         7        0.00        4.26
   206     11         8        0.00        4.26
   206     11         9        0.00        5.14
   206     11        10        0.00        4.26
   206     12         1        0.00        3.49
   206     12         2        0.00        3.49
   206     12         3        0.00        3.49
   206     12         4        0.00        4.27
   206     12         5        0.00        4.27
   206     12         6        0.00        4.39
   206     12         7        0.00        3.49
   206     12         8        0.00        3.49
   206     12         9        0.00        4.27
   206     12        10        0.00        3.49
   214      1         1        0.00        0.00
   214      1         2        0.00        0.00
   214      1         3        0.00        0.00
   214      1         4        0.00        0.00
   214      1         5        0.00        0.00
   214      1         6        0.00        0.00
   214      1         7        0.00        0.00
   214      1         8        0.00        0.00
   214      1         9        0.00        0.00
   214      1        10        0.00        0.00
   214      2         1        0.00        0.00
   214      2         2        0.00        0.00
   214      2         3        0.00        0.00
   214      2         4        0.00        0.00
   214      2         5        0.00        0.00
   214      2         6        0.00        0.00
   214      2         7        0.00        0.00
   214      2         8        0.00        0.00
   214      2         9        0.00        0.00
   214      2        10        0.00        0.00
   214      3         1        0.00        0.00
   214      3         2        0.00        0.00
   214      3         3        0.00        0.00
   214      3         4        0.00        0.00
   214      3         5        0.00        0.00
   214      3         6        0.00        0.00
   214      3         7        0.00        0.00
   214      3         8        0.00        0.00
   214      3         9        0.00        0.00
   214      3        10        0.00        0.00
   214      4         1        0.00        0.00
   214      4         2        0.00        0.00
   214      4         3        0.00        0.00
   214      4         4        0.00        0.00
   214      4         5        0.00        0.00
   214      4         6        0.00        0.00
   214      4         7        0.00        0.00
   214      4         8        0.00        0.00
   214      4         9        0.00        0.00
   214      4        10        0.00        0.00
   214      5         1        0.00        0.00
   214      5         2        0.00        0.00
   214      5         3        0.00        0.00
   214      5         4        0.00        0.00
   214      5         5        0.00        0.00
   214      5         6        0.00        0.00
   214      5         7        0.00        0.00
   214      5         8        0.00        0.00
   214      5         9        0.00        0.00
   214      5        10        0.00        0.00
   214      6         1        0.00        0.00
   214      6         2        0.00        0.00
   214      6         3        0.00        0.00
   214      6         4        0.00        0.00
   214      6         5        0.00        0.00
   214      6         6        0.00        0.00
   214      6         7        0.00        0.00
   214      6         8        0.00        0.00
   214      6         9        0.00        0.00
   214      6        10        0.00        0.00
   214      7         1        0.00        0.00
   214      7         2        0.00        0.00
   214      7         3        0.00        0.00
   214      7         4        0.00        0.00
   214      7         5        0.00        0.00
   214      7         6        0.00        0.00
   214      7         7        0.42        0.13
   214      7         8        0.42        0.13
   214      7         9        0.00        0.00
   214      7        10        2.98        0.00
   214      8         1        3.76        0.01
   214      8         2        3.31        0.47
   214      8         3        3.78        0.00
   214      8         4        3.10        0.68
   214      8         5        3.18        0.60
   214      8         6        3.78        0.00
   214      8         7        3.58        0.00
   214      8         8        3.58       -0.00
   214      8         9        3.78        0.00
   214      8        10        2.86        0.00
   214      9         1        3.71        0.00
   214      9         2        3.60        0.11
   214      9         3        3.72        0.00
   214      9         4        3.55        0.17
   214      9         5        3.52        0.19
   214      9         6        3.72        0.00
   214      9         7        3.57        0.00
   214      9         8        3.57       -0.00
   214      9         9        3.72        0.00
   214      9        10        3.49        0.00
   214     10         1        5.60        0.48
   214     10         2        1.91        4.17
   214     10         3        1.26        4.82
   214     10         4        0.00        6.08
   214     10         5        0.03        6.04
   214     10         6        1.26        4.82
   214     10         7        5.91        0.00
   214     10         8        5.91        0.00
   214     10         9        0.00        6.08
   214     10        10        0.00        5.07
   214     11         1        5.37        0.14
   214     11         2        5.46        0.05
   214     11         3        5.51        0.00
   214     11         4        5.27        0.24
   214     11         5        5.51        0.00
   214     11         6        5.51        0.00
   214     11         7        5.36        0.00
   214     11         8        5.36        0.00
   214     11         9        5.25        0.26
   214     11        10        4.62        0.00
   214     12         1        2.20        2.49
   214     12         2        1.04        3.65
   214     12         3        4.70        0.00
   214     12         4        0.00        4.70
   214     12         5        0.03        4.67
   214     12         6        4.70        0.00
   214     12         7        0.09        4.47
   214     12         8        0.09        4.47
   214     12         9        0.00        4.70
   214     12        10        0.00        3.91
   390      1         1        0.00        0.00
   390      1         2        0.00        0.00
   390      1         3        0.00        0.00
   390      1         4        0.00        0.00
   390      1         5        0.00        0.00
   390      1         6        0.00        0.00
   390      1         7        0.00        0.00
   390      1         8        0.00        0.00
   390      1         9        0.00        0.00
   390      1        10        0.00        0.00
   390      2         1        0.00        0.00
   390      2         2        0.00        0.00
   390      2         3        0.00        0.00
   390      2         4        0.00        0.00
   390      2         5        0.00        0.00
   390      2         6        0.00        0.00
   390      2         7        0.00        0.00
   390      2         8        0.00        0.00
   390      2         9        0.00        0.00
   390      2        10        0.00        0.00
   390      3         1        0.00        0.00
   390      3         2        0.00        0.00
   390      3         3        0.00        0.00
   390      3         4        0.00        0.00
   390      3         5        0.00        0.00
   390      3         6        0.00        0.00
   390      3         7        0.00        0.00
   390      3         8        0.00        0.00
   390      3         9        0.00        0.00
   390      3        10        0.00        0.00
   390      4         1        0.00        0.00
   390      4         2        0.00        0.00
   390      4         3        0.00        0.00
   390      4         4        0.00        0.00
   390      4         5        0.00        0.00
   390      4         6        0.00        0.00
   390      4         7        0.00        0.00
   390      4         8        0.00        0.00
   390      4         9        0.00        0.00
   390      4        10        0.00        0.00
   390      5         1        0.00        0.00
   390      5         2        0.00        0.00
   390      5         3        0.00        0.00
   390      5         4        0.00        0.00
   390      5         5        0.00        0.00
   390      5         6        0.00        0.00
   390      5         7        0.00        0.00
   390      5         8        0.00        0.00
   390      5         9        0.00        0.00
   390      5        10        0.00        0.00
   390      6         1        0.00        0.00
   390      6         2        0.00        0.00
   390      6         3        0.00        0.00
   390      6         4        0.00        0.00
   390      6         5        0.00        0.00
   390      6         6        0.00        0.00
   390      6         7        0.00        0.00
   390      6         8        0.00        0.00
   390      6         9        0.00        0.00
   390      6        10        0.00        0.00
   390      7         1        0.00        0.00
   390      7         2        0.00        0.00
   390      7         3        0.00        0.00
   390      7         4        0.00        0.00
   390      7         5        0.00        0.00
   390      7         6        0.00        0.00
   390      7         7        0.00        0.00
   390      7         8        0.00        0.00
   390      7         9        0.00        0.00
   390      7        10        0.00        0.00
   390      8         1        3.75        0.00
   390      8         2        3.75        0.00
   390      8         3        3.75       -0.00
   390      8         4        3.75        0.00
   390      8         5        3.39        0.35
   390      8         6        3.75        0.00
   390      8         7        3.75        0.00
   390      8         8        0.00        3.75
   390      8         9        3.75        0.00
   390      8        10        0.75        3.00
   390      9         1        0.00        3.67
   390      9         2        0.00        3.67
   390      9         3        0.00        3.67
   390      9         4        0.00        3.67
   390      9         5        0.00        3.67
   390      9         6        0.00        3.67
   390      9         7        0.00        3.67
   390      9         8        0.00        3.67
   390      9         9        0.00        3.67
   390      9        10        0.00        3.67
   390     10         1        5.99       -0.00
   390     10         2        5.60        0.39
   390     10         3        2.72        3.27
   390     10         4        5.99        0.00
   390     10         5        5.99        0.00
   390     10         6        5.99        0.00
   390     10         7        0.03        5.96
   390     10         8        0.00        5.99
   390     10         9        0.03        5.96
   390     10        10        2.82        3.17
   390     11         1        2.23        3.19
   390     11         2        0.69        4.73
   390     11         3        5.28        0.14
   390     11         4        0.04        5.38
   390     11         5        0.00        5.42
   390     11         6        5.42        0.00
   390     11         7        5.42        0.00
   390     11         8        0.00        5.42
   390     11         9        5.42        0.00
   390     11        10        0.00        5.42
   390     12         1        1.89        2.71
   390     12         2        0.59        4.01
   390     12         3        4.48        0.12
   390     12         4        0.03        4.57
   390     12         5        0.00        4.60
   390     12         6        4.60        0.00
   390     12         7        4.60        0.00
   390     12         8        0.00        4.60
   390     12         9        4.60       -0.00
   390     12        10        0.00        4.60
   398      1         1        0.00        0.00
   398      1         2        0.00        0.00
   398      1         3        0.00        0.00
   398      1         4        0.00        0.00
   398      1         5        0.00        0.00
   398      1         6        0.00        0.00
   398      1         7        0.00        0.00
   398      1         8        0.00        0.00
   398      1         9        0.00        0.00
   398      1        10        0.00        0.00
   398      2         1        0.00        0.00
   398      2         2        0.00        0.00
   398      2         3        0.00        0.00
   398      2         4        0.00        0.00
   398      2         5        0.00        0.00
   398      2         6        0.00        0.00
   398      2         7        0.00        0.00
   398      2         8        0.00        0.00
   398      2         9        0.00        0.00
   398      2        10        0.00        0.00
   398      3         1        0.00        0.00
   398      3         2        0.00        0.00
   398      3         3        0.00        0.00
   398      3         4        0.00        0.00
   398      3         5        0.00        0.00
   398      3         6        0.00        0.00
   398      3         7        0.00        0.00
   398      3         8        0.00        0.00
   398      3         9        0.00        0.00
   398      3        10        0.00        0.00
   398      4         1        0.00        0.00
   398      4         2        0.00        0.00
   398      4         3        0.00        0.00
   398      4         4        0.00        0.00
   398      4         5        0.00        0.00
   398      4         6        0.00        0.00
   398      4         7        0.00        0.00
   398      4         8        0.00        0.00
   398      4         9        0.00        0.00
   398      4        10        0.00        0.00
   398      5         1        0.00        0.00
   398      5         2        0.00        0.00
   398      5         3        0.00        0.00
   398      5         4        0.00        0.00
   398      5         5        0.00        0.00
   398      5         6        0.00        0.00
   398      5         7        0.00        0.00
   398      5         8        0.00        0.00
   398      5         9        0.00        0.00
   398      5        10        0.00        0.00
   398      6         1        0.00        0.00
   398      6         2        0.00        0.00
   398      6         3        0.00        0.00
   398      6         4        0.00        0.00
   398      6         5        0.00        0.00
   398      6         6        0.00        0.00
   398      6         7        0.00        0.00
   398      6         8        0.00        0.00
   398      6         9        0.00        0.00
   398      6        10        0.00        0.00
   398      7         1        0.00        0.00
   398      7         2        0.00        0.00
   398      7         3        0.00        0.00
   398      7         4        0.00        0.00
   398      7         5        0.00        0.00
   398      7         6        0.00        0.00
   398      7         7        0.00        0.00
   398      7         8        0.00        0.00
   398      7         9        0.00        0.00
   398      7        10        0.00        0.00
   398      8         1        1.15        2.03
   398      8         2        1.03        2.15
   398      8         3        0.06        3.12
   398      8         4        3.18        0.00
   398      8         5        3.18        0.00
   398      8         6        3.04        0.14
   398      8         7        0.00        3.18
   398      8         8        3.18        0.00
   398      8         9        0.00        3.18
   398      8        10        0.00        0.00
   398      9         1        1.05        1.85
   398      9         2        0.94        1.96
   398      9         3        0.05        2.85
   398      9         4        2.90       -0.00
   398      9         5        2.90        0.00
   398      9         6        2.77        0.13
   398      9         7        0.00        2.90
   398      9         8        2.90        0.00
   398      9         9        0.00        2.90
   398      9        10        0.00        3.81
   398     10         1        0.00        3.32
   398     10         2        0.00        3.32
   398     10         3        0.00        3.32
   398     10         4        1.25        2.07
   398     10         5        2.80        0.52
   398     10         6        0.00        3.32
   398     10         7        0.00        3.32
   398     10         8        3.32        0.00
   398     10         9        0.00        3.32
   398     10        10        0.00        3.79
   398     11         1        4.33        0.00
   398     11         2        4.33        0.00
   398     11         3        4.33        0.00
   398     11         4        4.33        0.00
   398     11         5        4.33        0.00
   398     11         6        4.33       -0.00
   398     11         7        0.00        4.33
   398     11         8        4.33        0.00
   398     11         9        3.69        0.64
   398     11        10        1.94        3.27
   398     12         1        0.00        3.54
   398     12         2        0.15        3.39
   398     12         3        0.00        3.54
   398     12         4        0.00        3.54
   398     12         5        3.54        0.00
   398     12         6        1.48        2.05
   398     12         7        0.00        3.54
   398     12         8        0.00        3.54
   398     12         9        0.00        3.54
   398     12        10        0.00        4.31
   406      1         1        0.00        0.00
   406      1         2        0.00        0.00
   406      1         3        0.00        0.00
   406      1         4        0.00        0.00
   406      1         5        0.00        0.00
   406      1         6        0.00        0.00
   406      1         7        0.00        0.00
   406      1         8        0.00        0.00
   406      1         9        0.00        0.00
   406      1        10        0.00        0.00
   406      2         1        0.00        0.00
   406      2         2        0.00        0.00
   406      2         3        0.00        0.00
   406      2         4        0.00        0.00
   406      2         5        0.00        0.00
   406      2         6        0.00        0.00
   406      2         7        0.00        0.00
   406      2         8        0.00        0.00
   406      2         9        0.00        0.00
   406      2        10        0.00        0.00
   406      3         1        0.00        0.00
   406      3         2        0.00        0.00
   406      3         3        0.00        0.00
   406      3         4        0.00        0.00
   406      3         5        0.00        0.00
   406      3         6        0.00        0.00
   406      3         7        0.00        0.00
   406      3         8        0.00        0.00
   406      3         9        0.00        0.00
   406      3        10        0.00        0.00
   406      4         1        0.00        0.00
   406      4         2        0.00        0.00
   406      4         3        0.00        0.00
   406      4         4        0.00        0.00
   406      4         5        0.00        0.00
   406      4         6        0.00        0.00
   406      4         7        0.00        0.00
   406      4         8        0.00        0.00
   406      4         9        0.00        0.00
   406      4        10        0.00        0.00
   406      5         1        0.00        0.00
   406      5         2        0.00        0.00
   406      5         3        0.00        0.00
   406      5         4        0.00        0.00
   406      5         5        0.00        0.00
   406      5         6        0.00        0.00
   406      5         7        0.00        0.00
   406      5         8        0.00        0.00
   406      5         9        0.00        0.00
   406      5        10        0.00        0.00
   406      6         1        0.00        0.00
   406      6         2        0.00        0.00
   406      6         3        0.00        0.00
   406      6         4        0.00        0.00
   406      6         5        0.00        0.00
   406      6         6        0.00        0.00
   406      6         7        0.00        0.00
   406      6         8        0.00        0.00
   406      6         9        0.00        0.00
   406      6        10        0.00        0.00
   406      7         1        0.00        0.00
   406      7         2        0.00        0.00
   406      7         3        0.00        0.00
   406      7         4        0.00        0.00
   406      7         5        0.00        0.00
   406      7         6        0.00        0.00
   406      7         7        0.00        0.00
   406      7         8        0.00        0.00
   406      7         9        0.00        0.00
   406      7        10        0.00        0.00
   406      8         1        0.00        1.11
   406      8         2        0.00        0.00
   406      8         3        0.00        2.21
   406      8         4        0.00        0.00
   406      8         5        0.00        0.00
   406      8         6        0.00        0.00
   406      8         7        0.00        1.11
   406      8         8        0.00        0.00
   406      8         9        0.00        2.21
   406      8        10        0.00        0.00
   406      9         1        0.00        2.37
   406      9         2        0.00        2.65
   406      9         3        0.00        2.08
   406      9         4        0.00        2.65
   406      9         5        0.00        2.65
   406      9         6        0.00        2.65
   406      9         7        0.00        2.37
   406      9         8        0.00        2.58
   406      9         9        0.00        2.08
   406      9        10        0.00        2.58
   406     10         1        0.00        2.18
   406     10         2        0.00        2.42
   406     10         3        0.00        1.90
   406     10         4        0.00        2.42
   406     10         5        0.00        2.42
   406     10         6        0.00        2.42
   406     10         7        0.00        2.18
   406     10         8        0.00        2.48
   406     10         9        0.00        1.90
   406     10        10        0.00        2.48
   406     11         1        0.04        1.88
   406     11         2        1.61        0.61
   406     11         3        1.61        0.00
   406     11         4        1.71        0.51
   406     11         5        1.43        0.79
   406     11         6        0.00        2.22
   406     11         7        0.00        1.92
   406     11         8        1.07        1.15
   406     11         9        0.00        1.61
   406     11        10        0.00        2.22
   406     12         1        0.03        1.49
   406     12         2        1.25        0.61
   406     12         3        1.25        0.00
   406     12         4        1.34        0.53
   406     12         5        1.11        0.75
   406     12         6        0.00        1.86
   406     12         7        0.00        1.52
   406     12         8        0.83        1.03
   406     12         9        0.00        1.25
   406     12        10        0.00        1.86
   414      1         1        0.00        0.00
   414      1         2        0.00        0.00
   414      1         3        0.00        0.00
   414      1         4        0.00        0.00
   414      1         5        0.00        0.00
   414      1         6        0.00        0.00
   414      1         7        0.00        0.00
   414      1         8        0.00        0.00
   414      1         9        0.00        0.00
   414      1        10        0.00        0.00
   414      2         1        0.00        0.00
   414      2         2        0.00        0.00
   414      2         3        0.00        0.00
   414      2         4        0.00        0.00
   414      2         5        0.00        0.00
   414      2         6        0.00        0.00
   414      2         7        0.00        0.00
   414      2         8        0.00        0.00
   414      2         9        0.00        0.00
   414      2        10        0.00        0.00
   414      3         1        0.00        0.00
   414      3         2        0.00        0.00
   414      3         3        0.00        0.00
   414      3         4        0.00        0.00
   414      3         5        0.00        0.00
   414      3         6        0.00        0.00
   414      3         7        0.00        0.00
   414      3         8        0.00        0.00
   414      3         9        0.00        0.00
   414      3        10        0.00        0.00
   414      4         1        0.00        0.00
   414      4         2        0.00        0.00
   414      4         3        0.00        0.00
   414      4         4        0.00        0.00
   414      4         5        0.00        0.00
   414      4         6        0.00        0.00
   414      4         7        0.00        0.00
   414      4         8        0.00        0.00
   414      4         9        0.00        0.00
   414      4        10        0.00        0.00
   414      5         1        0.00        0.00
   414      5         2        0.00        0.00
   414      5         3        0.00        0.00
   414      5         4        0.00        0.00
   414      5         5        0.00        0.00
   414      5         6        0.00        0.00
   414      5         7        0.00        0.00
   414      5         8        0.00        0.00
   414      5         9        0.00        0.00
   414      5        10        0.00        0.00
   414      6         1        0.00        0.00
   414      6         2        0.00        0.00
   414      6         3        0.00        0.00
   414      6         4        0.00        0.00
   414      6         5        0.00        0.00
   414      6         6        0.00        0.00
   414      6         7        0.00        0.00
   414      6         8        0.00        0.00
   414      6         9        0.00        0.00
   414      6        10        0.00        0.00
   414      7         1        0.00        0.00
   414      7         2        0.00        0.00
   414      7         3        0.00        0.00
   414      7         4        0.00        0.00
   414      7         5        0.00        0.00
   414      7         6        0.00        0.00
   414      7         7        0.00        0.00
   414      7         8        0.00        0.00
   414      7         9        0.00        0.00
   414      7        10        0.00        0.00
   414      8         1        0.00        0.00
   414      8         2        0.00        0.00
   414      8         3        0.00        0.00
   414      8         4        0.00        0.00
   414      8         5        0.00        0.00
   414      8         6        0.00        0.00
   414      8         7        0.00        0.00
   414      8         8        0.00        0.00
   414      8         9        0.00        0.00
   414      8        10        0.00        0.00
   414      9         1        0.00        0.00
   414      9         2        0.00        0.00
   414      9         3        0.00        0.00
   414      9         4        0.00        0.00
   414      9         5        0.00        0.00
   414      9         6        0.00        0.00
   414      9         7        0.00        0.00
   414      9         8        0.00        0.00
   414      9         9        0.00        0.00
   414      9        10        0.00        0.00
   414     10         1        0.00        1.01
   414     10         2        0.00        1.01
   414     10         3        0.00        0.00
   414     10         4        0.00        0.00
   414     10         5        0.00        0.00
   414     10         6        0.00        0.00
   414     10         7        0.00        2.01
   414     10         8        0.00        0.00
   414     10         9        0.00        2.01
   414     10        10        0.00        2.01
   414     11         1        0.00        1.95
   414     11         2        0.12        1.82
   414     11         3        2.02        0.00
   414     11         4        2.02        0.21
   414     11         5        2.02        0.00
   414     11         6        2.02        0.00
   414     11         7        0.00        1.63
   414     11         8        0.47        1.55
   414     11         9        0.00        1.63
   414     11        10        0.00        1.63
   414     12         1        1.21        0.28
   414     12         2        1.24        0.24
   414     12         3        1.81        0.06
   414     12         4        1.81        0.00
   414     12         5        1.86        0.00
   414     12         6        1.81        0.06
   414     12         7        1.21        0.00
   414     12         8        1.35        0.52
   414     12         9        1.21        0.00
   414     12        10        1.21        0.00
   414     13         1        0.56        0.45
   414     13         2        0.81        0.20
   414     13         3        0.00        1.31
   414     13         4        0.62        0.65
   414     13         5        1.31        0.00
   414     13         6        0.00        1.31
   414     13         7        0.00        0.79
   414     13         8        0.47        0.84
   414     13         9        0.79        0.00
   414     13        10        0.28        0.52
   648      1         1        0.00        0.00
   648      1         2        0.00        0.00
   648      1         3        0.00        0.00
   648      1         4        0.00        0.00
   648      1         5        0.00        0.00
   648      1         6        0.00        0.00
   648      1         7        0.00        0.00
   648      1         8        0.00        0.00
   648      1         9        0.00        0.00
   648      1        10        0.00        0.00
   648      2         1        0.00        0.00
   648      2         2        0.00        0.00
   648      2         3        0.00        0.00
   648      2         4        0.00        0.00
   648      2         5        0.00        0.00
   648      2         6        0.00        0.00
   648      2         7        0.00        0.00
   648      2         8        0.00        0.00
   648      2         9        0.00        0.00
   648      2        10        0.00        0.00
   648      3         1        0.00        0.00
   648      3         2        0.00        0.00
   648      3         3        0.00        0.00
   648      3         4        0.00        0.00
   648      3         5        0.00        0.00
   648      3         6        0.00        0.00
   648      3         7        0.00        0.00
   648      3         8        0.00        0.00
   648      3         9        0.00        0.00
   648      3        10        0.00        0.00
   648      4         1        0.00        0.00
   648      4         2        0.00        0.00
   648      4         3        0.00        0.00
   648      4         4        0.00        0.00
   648      4         5        0.00        0.00
   648      4         6        0.00        0.00
   648      4         7        0.00        0.00
   648      4         8        0.00        0.00
   648      4         9        0.00        0.00
   648      4        10        0.00        0.00
   648      5         1        0.00        0.00
   648      5         2        0.00        0.00
   648      5         3        0.00        0.00
   648      5         4        0.00        0.00
   648      5         5        0.00        0.00
   648      5         6        0.00        0.00
   648      5         7        0.00        0.00
   648      5         8        0.00        0.00
   648      5         9        0.00        0.00
   648      5        10        0.00        0.00
   648      6         1        0.00        0.00
   648      6         2        0.00        0.00
   648      6         3        0.00        0.00
   648      6         4        0.00        0.00
   648      6         5        0.00        0.00
   648      6         6        0.00        0.00
   648      6         7        0.00        0.00
   648      6         8        0.00        0.00
   648      6         9        0.00        0.00
   648      6        10        0.00        0.00
   648      7         1        0.00        0.00
   648      7         2        0.00        0.00
   648      7         3        0.00        0.00
   648      7         4        0.00        0.00
   648      7         5        0.00        0.00
   648      7         6        0.00        0.00
   648      7         7        0.00        0.00
   648      7         8        0.00        0.00
   648      7         9        0.00        0.00
   648      7        10        0.00        0.00
   648      8         1        0.00        0.00
   648      8         2        0.00        0.00
   648      8         3        0.00        0.00
   648      8         4        0.00        0.00
   648      8         5        0.00        0.00
   648      8         6        0.00        0.00
   648      8         7        0.00        0.00
   648      8         8        0.00        0.00
   648      8         9        0.00        0.00
   648      8        10        0.00        0.00
   648      9         1        0.00        0.00
   648      9         2        0.00        0.00
   648      9         3        0.00        0.00
   648      9         4        0.00        0.00
   648      9         5        0.00        0.00
   648      9         6        0.00        0.00
   648      9         7        0.00        0.00
   648      9         8        0.00        0.00
   648      9         9        0.00        0.00
   648      9        10        0.00        0.32
   648     10         1        0.99        0.00
   648     10         2        0.60        1.38
   648     10         3        0.99        0.00
   648     10         4        1.98        0.00
   648     10         5        0.60        0.39
   648     10         6        1.98        0.00
   648     10         7        0.18        0.89
   648     10         8        1.96        0.02
   648     10         9        0.95        1.03
   648     10        10        0.78        1.08
   648     11         1        1.62        0.29
   648     11         2        1.01        0.59
   648     11         3        1.62        0.29
   648     11         4        1.60        0.00
   648     11         5        1.01        0.90
   648     11         6        0.00        1.60
   648     11         7        0.30        1.56
   648     11         8        0.00        1.60
   648     11         9        1.60        0.00
   648     11        10        0.00        1.45
   648     12         1        0.01        1.44
   648     12         2        0.00        1.18
   648     12         3        0.01        1.44
   648     12         4        1.18        0.00
   648     12         5        0.00        1.45
   648     12         6        1.18        0.00
   648     12         7        0.11        1.28
   648     12         8        0.00        1.18
   648     12         9        0.00        1.18
   648     12        10        0.19        0.88
   648     13         1        0.01        0.97
   648     13         2        0.00        0.77
   648     13         3        0.01        0.97
   648     13         4        0.77        0.00
   648     13         5        0.00        0.98
   648     13         6        0.77        0.00
   648     13         7        0.07        0.86
   648     13         8        0.00        0.77
   648     13         9        0.00        0.77
   648     13        10        0.12        0.56
   656      1         1        0.00        0.00
   656      1         2        0.00        0.00
   656      1         3        0.00        0.00
   656      1         4        0.00        0.00
   656      1         5        0.00        0.00
   656      1         6        0.00        0.00
   656      1         7        0.00        0.00
   656      1         8        0.00        0.00
   656      1         9        0.00        0.00
   656      1        10        0.00        0.00
   656      2         1        0.00        0.00
   656      2         2        0.00        0.00
   656      2         3        0.00        0.00
   656      2         4        0.00        0.00
   656      2         5        0.00        0.00
   656      2         6        0.00        0.00
   656      2         7        0.00        0.00
   656      2         8        0.00        0.00
   656      2         9        0.00        0.00
   656      2        10        0.00        0.00
   656      3         1        0.00        0.00
   656      3         2        0.00        0.00
   656      3         3        0.00        0.00
   656      3         4        0.00        0.00
   656      3         5        0.00        0.00
   656      3         6        0.00        0.00
   656      3         7        0.00        0.00
   656      3         8        0.00        0.00
   656      3         9        0.00        0.00
   656      3        10        0.00        0.00
   656      4         1        0.00        0.00
   656      4         2        0.00        0.00
   656      4         3        0.00        0.00
   656      4         4        0.00        0.00
   656      4         5        0.00        0.00
   656      4         6        0.00        0.00
   656      4         7        0.00        0.00
   656      4         8        0.00        0.00
   656      4         9        0.00        0.00
   656      4        10        0.00        0.00
   656      5         1        0.00        0.00
   656      5         2        0.00        0.00
   656      5         3        0.00        0.00
   656      5         4        0.00        0.00
   656      5         5        0.00        0.00
   656      5         6        0.00        0.00
   656      5         7        0.00        0.00
   656      5         8        0.00        0.00
   656      5         9        0.00        0.00
   656      5        10        0.00        0.00
   656      6         1        0.00        0.00
   656      6         2        0.00        0.00
   656      6         3        0.00        0.00
   656      6         4        0.00        0.00
   656      6         5        0.00        0.00
   656      6         6        0.00        0.00
   656      6         7        0.00        0.00
   656      6         8        0.00        0.00
   656      6         9        0.00        0.00
   656      6        10        0.00        0.00
   656      7         1        0.00        0.00
   656      7         2        0.00        0.00
   656      7         3        0.00        0.00
   656      7         4        0.00        0.00
   656      7         5        0.00        0.00
   656      7         6        0.00        0.32
   656      7         7        0.00        0.00
   656      7         8        0.00        0.00
   656      7         9        0.00        0.00
   656      7        10        0.00        0.00
   656      8         1        0.00        0.00
   656      8         2        0.00        0.00
   656      8         3        0.00        0.00
   656      8         4        0.00        1.09
   656      8         5        0.00        0.00
   656      8         6        0.00        0.81
   656      8         7        0.00        0.00
   656      8         8        0.00        0.00
   656      8         9        0.00        0.00
   656      8        10        0.00        0.00
   656      9         1        2.56        0.07
   656      9         2        2.63        0.00
   656      9         3        0.00        2.63
   656      9         4        1.21        1.14
   656      9         5        0.25        2.38
   656      9         6        2.28        0.00
   656      9         7        2.59        0.05
   656      9         8        2.07        0.56
   656      9         9        0.00        2.63
   656      9        10        0.00        2.63
   656     10         1        2.40        0.06
   656     10         2        2.46        0.00
   656     10         3        0.00        2.46
   656     10         4        1.13        1.05
   656     10         5        0.23        2.22
   656     10         6        2.11        0.00
   656     10         7        2.41        0.05
   656     10         8        1.93        0.52
   656     10         9        0.00        2.46
   656     10        10        0.00        2.46
   656     11         1        0.42        1.79
   656     11         2        0.00        2.21
   656     11         3        0.00        2.21
   656     11         4        0.17        1.76
   656     11         5        0.00        2.21
   656     11         6        1.86        0.00
   656     11         7        0.00        2.21
   656     11         8        0.00        2.21
   656     11         9        0.00        2.21
   656     11        10        0.00        2.21
   656     12         1        1.53        0.34
   656     12         2        0.00        1.87
   656     12         3        0.00        1.87
   656     12         4        1.54        0.00
   656     12         5        1.28        0.58
   656     12         6        1.47        0.00
   656     12         7        0.14        1.73
   656     12         8        1.51        0.36
   656     12         9        1.35        0.52
   656     12        10        0.00        1.87
   664      1         1        0.00        0.00
   664      1         2        0.00        0.00
   664      1         3        0.00        0.00
   664      1         4        0.00        0.00
   664      1         5        0.00        0.00
   664      1         6        0.00        0.00
   664      1         7        0.00        0.00
   664      1         8        0.00        0.00
   664      1         9        0.00        0.00
   664      1        10        0.00        0.00
   664      2         1        0.00        0.00
   664      2         2        0.00        0.00
   664      2         3        0.00        0.00
   664      2         4        0.00        0.00
   664      2         5        0.00        0.00
   664      2         6        0.00        0.00
   664      2         7        0.00        0.00
   664      2         8        0.00        0.00
   664      2         9        0.00        0.00
   664      2        10        0.00        0.00
   664      3         1        0.00        0.00
   664      3         2        0.00        0.00
   664      3         3        0.00        0.00
   664      3         4        0.00        0.00
   664      3         5        0.00        0.00
   664      3         6        0.00        0.00
   664      3         7        0.00        0.00
   664      3         8        0.00        0.00
   664      3         9        0.00        0.00
   664      3        10        0.00        0.00
   664      4         1        0.00        0.00
   664      4         2        0.00        0.00
   664      4         3        0.00        0.00
   664      4         4        0.00        0.00
   664      4         5        0.00        0.00
   664      4         6        0.00        0.00
   664      4         7        0.00        0.00
   664      4         8        0.00        0.00
   664      4         9        0.00        0.00
   664      4        10        0.00        0.00
   664      5         1        0.00        0.00
   664      5         2        0.00        0.00
   664      5         3        0.00        0.00
   664      5         4        0.00        0.00
   664      5         5        0.00        0.00
   664      5         6        0.00        0.00
   664      5         7        0.00        0.00
   664      5         8        0.00        0.00
   664      5         9        0.00        0.00
   664      5        10        0.00        0.00
   664      6         1        0.00        0.00
   664      6         2        0.00        0.00
   664      6         3        0.00        0.00
   664      6         4        0.00        0.00
   664      6         5        0.00        0.00
   664      6         6        0.00        0.00
   664      6         7        0.00        0.00
   664      6         8        0.00        0.00
   664      6         9        0.00        0.00
   664      6        10        0.00        0.00
   664      7         1        0.00        0.00
   664      7         2        0.00        0.00
   664      7         3        0.00        0.00
   664      7         4        0.00        0.00
   664      7         5        0.00        0.00
   664      7         6        0.00        0.00
   664      7         7        0.00        0.00
   664      7         8        0.00        0.00
   664      7         9        0.00        0.00
   664      7        10        0.00        0.00
   664      8         1        3.20        0.00
   664      8         2        3.15        0.05
   664      8         3        0.00        3.20
   664      8         4        0.00        3.20
   664      8         5        0.11        3.09
   664      8         6        0.00        3.20
   664      8         7        0.35        2.86
   664      8         8        3.07        0.13
   664      8         9        1.19        2.02
   664      8        10        0.01        3.19
   664      9         1        2.94        0.00
   664      9         2        2.89        0.05
   664      9         3        0.00        2.94
   664      9         4        0.00        2.94
   664      9         5        0.10        2.84
   664      9         6        0.00        2.94
   664      9         7        0.32        2.62
   664      9         8        2.82        0.12
   664      9         9        1.09        1.85
   664      9        10        0.01        2.93
   664     10         1        3.36        0.00
   664     10         2        3.36        0.00
   664     10         3        3.07        0.29
   664     10         4        2.66        0.70
   664     10         5        0.00        3.36
   664     10         6        2.78        0.59
   664     10         7        3.36        0.00
   664     10         8        0.90        2.46
   664     10         9        3.36        0.00
   664     10        10        0.02        3.35
   664     11         1        4.44        0.00
   664     11         2        4.44        0.00
   664     11         3        4.05        0.39
   664     11         4        3.51        0.93
   664     11         5        0.00        4.44
   664     11         6        3.66        0.78
   664     11         7        4.44        0.00
   664     11         8        1.19        3.25
   664     11         9        4.44        0.00
   664     11        10        0.02        4.42
   664     12         1        0.18        3.47
   664     12         2        0.52        3.13
   664     12         3        3.45        0.21
   664     12         4        2.85        0.80
   664     12         5        3.65        0.00
   664     12         6        3.65        0.00
   664     12         7        0.02        3.63
   664     12         8        3.65        0.00
   664     12         9        3.65        0.00
   664     12        10        0.16        3.49
   672      1         1        0.00        0.00
   672      1         2        0.00        0.00
   672      1         3        0.00        0.00
   672      1         4        0.00        0.00
   672      1         5        0.00        0.00
   672      1         6        0.00        0.00
   672      1         7        0.00        0.00
   672      1         8        0.00        0.00
   672      1         9        0.00        0.00
   672      1        10        0.00        0.00
   672      2         1        0.00        0.00
   672      2         2        0.00        0.00
   672      2         3        0.00        0.00
   672      2         4        0.00        0.00
   672      2         5        0.00        0.00
   672      2         6        0.00        0.00
   672      2         7        0.00        0.00
   672      2         8        0.00        0.00
   672      2         9        0.00        0.00
   672      2        10        0.00        0.00
   672      3         1        0.00        0.00
   672      3         2        0.00        0.00
   672      3         3        0.00        0.00
   672      3         4        0.00        0.00
   672      3         5        0.00        0.00
   672      3         6        0.00        0.00
   672      3         7        0.00        0.00
   672      3         8        0.00        0.00
   672      3         9        0.00        0.00
   672      3        10        0.00        0.00
   672      4         1        0.00        0.00
   672      4         2        0.00        0.00
   672      4         3        0.00        0.00
   672      4         4        0.00        0.00
   672      4         5        0.00        0.00
   672      4         6        0.00        0.00
   672      4         7        0.00        0.00
   672      4         8        0.00        0.00
   672      4         9        0.00        0.00
   672      4        10        0.00        0.00
   672      5         1        0.00        0.00
   672      5         2        0.00        0.00
   672      5         3        0.00        0.00
   672      5         4        0.00        0.00
   672      5         5        0.00        0.00
   672      5         6        0.00        0.00
   672      5         7        0.00        0.00
   672      5         8        0.00        0.00
   672      5         9        0.00        0.00
   672      5        10        0.00        0.00
   672      6         1        0.00        0.00
   672      6         2        0.00        0.00
   672      6         3        0.00        0.00
   672      6         4        0.00        0.00
   672      6         5        0.00        0.00
   672      6         6        0.00        0.00
   672      6         7        0.00        0.00
   672      6         8        0.00        0.00
   672      6         9        0.00        0.00
   672      6        10        0.00        0.00
   672      7         1        0.00        0.00
   672      7         2        0.00        0.00
   672      7         3        0.00        0.00
   672      7         4        0.00        0.00
   672      7         5        0.00        0.00
   672      7         6        0.00        0.00
   672      7         7        0.00        0.00
   672      7         8        0.00        0.00
   672      7         9        0.00        0.00
   672      7        10        0.00        0.00
   672      8         1        3.77       -0.00
   672      8         2        3.77        0.00
   672      8         3        3.77        0.00
   672      8         4        3.77        0.00
   672      8         5        3.77        0.00
   672      8         6        3.77        0.00
   672      8         7        3.77       -0.00
   672      8         8        3.77       -0.00
   672      8         9        3.77        0.00
   672      8        10        3.77       -0.00
   672      9         1        3.71        0.00
   672      9         2        3.71        0.00
   672      9         3        3.71        0.00
   672      9         4        3.71        0.00
   672      9         5        3.71        0.00
   672      9         6        3.71        0.00
   672      9         7        3.71        0.00
   672      9         8        3.71        0.00
   672      9         9        3.71        0.00
   672      9        10        3.71        0.00
   672     10         1        2.32        3.74
   672     10         2        5.90        0.17
   672     10         3        0.00        6.06
   672     10         4        6.06        0.00
   672     10         5        6.06        0.00
   672     10         6        0.00        6.06
   672     10         7        4.09        1.97
   672     10         8        0.00        6.06
   672     10         9        5.68        0.38
   672     10        10        0.36        5.70
   672     11         1        5.49       -0.00
   672     11         2        2.62        2.87
   672     11         3        5.49        0.00
   672     11         4        4.62        0.87
   672     11         5        5.49        0.00
   672     11         6        5.49        0.00
   672     11         7        5.49       -0.00
   672     11         8        5.49       -0.00
   672     11         9        0.02        5.46
   672     11        10        5.49        0.00
   672     12         1        0.00        4.67
   672     12         2        0.00        4.67
   672     12         3        0.00        4.67
   672     12         4        0.00        4.67
   672     12         5        0.00        4.67
   672     12         6        0.00        4.67
   672     12         7        0.00        4.67
   672     12         8        0.00        4.67
   672     12         9        0.00        4.67
   672     12        10        0.00        4.67
