 Cycle Period  BidPrice Bid Volumes
   190      1         1        0.00
   190      1         2        0.00
   190      1         3        0.00
   190      1         4        0.00
   190      2         1        0.00
   190      2         2        0.00
   190      2         3        0.00
   190      2         4        0.00
   190      3         1        0.00
   190      3         2        0.00
   190      3         3        0.00
   190      3         4        0.00
   190      4         1        0.00
   190      4         2        0.00
   190      4         3        0.00
   190      4         4        0.00
   190      5         1        0.00
   190      5         2        0.00
   190      5         3        0.00
   190      5         4        0.00
   190      6         1        0.00
   190      6         2        0.00
   190      6         3        0.00
   190      6         4        0.00
   190      7         1        0.00
   190      7         2        0.00
   190      7         3        0.00
   190      7         4        0.00
   190      8         1        0.00
   190      8         2        0.00
   190      8         3        0.00
   190      8         4        0.00
   190      9         1        0.00
   190      9         2        0.00
   190      9         3       -0.00
   190      9         4        0.00
   190     10         1        0.00
   190     10         2        0.00
   190     10         3        0.00
   190     10         4        1.95
   190     11         1        0.00
   190     11         2        0.00
   190     11         3        0.00
   190     11         4        1.55
   190     12         1        1.13
   190     12         2        1.51
   190     12         3        0.00
   190     12         4        1.14
   190     13         1        0.00
   190     13         2        0.00
   190     13         3        0.00
   190     13         4        0.00
   198      1         1        0.00
   198      1         2        0.00
   198      1         3        0.00
   198      1         4        0.00
   198      2         1        0.00
   198      2         2        0.00
   198      2         3        0.00
   198      2         4        0.00
   198      3         1        0.00
   198      3         2        0.00
   198      3         3        0.00
   198      3         4        0.00
   198      4         1        0.00
   198      4         2        0.00
   198      4         3        0.00
   198      4         4        0.00
   198      5         1        0.00
   198      5         2        0.00
   198      5         3        0.00
   198      5         4        0.00
   198      6         1        0.00
   198      6         2        0.00
   198      6         3        0.00
   198      6         4        0.00
   198      7         1        0.00
   198      7         2        0.00
   198      7         3        0.00
   198      7         4        0.00
   198      8         1        0.00
   198      8         2        0.00
   198      8         3        0.00
   198      8         4        0.00
   198      9         1        1.89
   198      9         2        0.00
   198      9         3        0.00
   198      9         4        2.53
   198     10         1        1.87
   198     10         2        0.00
   198     10         3        0.00
   198     10         4        2.34
   198     11         1        2.21
   198     11         2        0.00
   198     11         3        0.00
   198     11         4        2.09
   198     12         1        1.86
   198     12         2        0.00
   198     12         3        0.00
   198     12         4        1.72
   206      1         1        0.00
   206      1         2        0.00
   206      1         3        0.00
   206      1         4        0.00
   206      2         1        0.00
   206      2         2        0.00
   206      2         3        0.00
   206      2         4        0.00
   206      3         1        0.00
   206      3         2        0.00
   206      3         3        0.00
   206      3         4        0.00
   206      4         1        0.00
   206      4         2        0.00
   206      4         3        0.00
   206      4         4        0.00
   206      5         1        0.00
   206      5         2        0.00
   206      5         3        0.00
   206      5         4        0.00
   206      6         1        0.00
   206      6         2        0.00
   206      6         3        0.00
   206      6         4        0.00
   206      7         1        0.00
   206      7         2        0.00
   206      7         3        0.00
   206      7         4        0.00
   206      8         1        0.00
   206      8         2        0.00
   206      8         3        0.00
   206      8         4        0.00
   206      9         1        0.00
   206      9         2        0.00
   206      9         3        3.76
   206      9         4        0.00
   206     10         1        0.00
   206     10         2        0.00
   206     10         3        4.00
   206     10         4        0.00
   206     11         1        4.26
   206     11         2        0.00
   206     11         3        5.45
   206     11         4        0.00
   206     12         1        0.00
   206     12         2        0.00
   206     12         3        0.00
   206     12         4        0.00
   214      1         1        0.00
   214      1         2        0.00
   214      1         3        0.00
   214      1         4        0.00
   214      2         1        0.00
   214      2         2        0.00
   214      2         3        0.00
   214      2         4        0.00
   214      3         1        0.00
   214      3         2        0.00
   214      3         3        0.00
   214      3         4        0.00
   214      4         1        0.00
   214      4         2        0.00
   214      4         3        0.00
   214      4         4        0.00
   214      5         1        0.00
   214      5         2        0.00
   214      5         3        0.00
   214      5         4        0.00
   214      6         1        0.00
   214      6         2        0.00
   214      6         3        0.00
   214      6         4        0.00
   214      7         1        0.00
   214      7         2        0.00
   214      7         3        0.00
   214      7         4        0.00
   214      8         1        0.00
   214      8         2        3.78
   214      8         3        3.78
   214      8         4        3.78
   214      9         1        0.00
   214      9         2        3.72
   214      9         3        3.72
   214      9         4        3.72
   214     10         1        0.00
   214     10         2        6.30
   214     10         3        0.00
   214     10         4        6.08
   214     11         1        4.83
   214     11         2        5.56
   214     11         3        0.00
   214     11         4        5.51
   214     12         1        0.00
   214     12         2        5.77
   214     12         3        0.00
   214     12         4        4.70
   390      1         1        0.00
   390      1         2        0.00
   390      1         3        0.00
   390      1         4        0.00
   390      2         1        0.00
   390      2         2        0.00
   390      2         3        0.00
   390      2         4        0.00
   390      3         1        0.00
   390      3         2        0.00
   390      3         3        0.00
   390      3         4        0.00
   390      4         1        0.00
   390      4         2        0.00
   390      4         3        0.00
   390      4         4        0.00
   390      5         1        0.00
   390      5         2        0.00
   390      5         3        0.00
   390      5         4        0.00
   390      6         1        0.00
   390      6         2        0.00
   390      6         3        0.00
   390      6         4        0.00
   390      7         1        0.00
   390      7         2        0.00
   390      7         3        0.00
   390      7         4        0.00
   390      8         1        0.00
   390      8         2        0.00
   390      8         3        3.75
   390      8         4        3.75
   390      9         1        0.00
   390      9         2        0.00
   390      9         3        0.00
   390      9         4        3.68
   390     10         1        5.22
   390     10         2        5.22
   390     10         3        0.00
   390     10         4        6.00
   390     11         1        4.74
   390     11         2        4.72
   390     11         3        5.42
   390     11         4        5.42
   390     12         1        0.00
   390     12         2        0.00
   390     12         3        0.00
   390     12         4        4.61
   398      1         1        0.00
   398      1         2        0.00
   398      1         3        0.00
   398      1         4        0.00
   398      2         1        0.00
   398      2         2        0.00
   398      2         3        0.00
   398      2         4        0.00
   398      3         1        0.00
   398      3         2        0.00
   398      3         3        0.00
   398      3         4        0.00
   398      4         1        0.00
   398      4         2        0.00
   398      4         3        0.00
   398      4         4        0.00
   398      5         1        0.00
   398      5         2        0.00
   398      5         3        0.00
   398      5         4        0.00
   398      6         1        0.00
   398      6         2        0.00
   398      6         3        0.00
   398      6         4        0.00
   398      7         1        0.00
   398      7         2        0.00
   398      7         3        0.00
   398      7         4        0.00
   398      8         1        0.00
   398      8         2        3.18
   398      8         3        3.18
   398      8         4        0.00
   398      9         1        0.00
   398      9         2        2.90
   398      9         3        2.90
   398      9         4        0.00
   398     10         1        0.00
   398     10         2        0.00
   398     10         3        3.42
   398     10         4        0.00
   398     11         1        0.00
   398     11         2        4.33
   398     11         3        4.33
   398     11         4        0.00
   398     12         1        0.00
   398     12         2        0.00
   398     12         3        0.00
   398     12         4        3.78
   406      1         1        0.00
   406      1         2        0.00
   406      1         3        0.00
   406      1         4        0.00
   406      2         1        0.00
   406      2         2        0.00
   406      2         3        0.00
   406      2         4        0.00
   406      3         1        0.00
   406      3         2        0.00
   406      3         3        0.00
   406      3         4        0.00
   406      4         1        0.00
   406      4         2        0.00
   406      4         3        0.00
   406      4         4        0.00
   406      5         1        0.00
   406      5         2        0.00
   406      5         3        0.00
   406      5         4        0.00
   406      6         1        0.00
   406      6         2        0.00
   406      6         3        0.00
   406      6         4        0.00
   406      7         1        0.00
   406      7         2        0.00
   406      7         3        0.00
   406      7         4        0.00
   406      8         1        0.00
   406      8         2        0.00
   406      8         3        0.00
   406      8         4        0.00
   406      9         1        2.31
   406      9         2        0.61
   406      9         3        0.00
   406      9         4        0.00
   406     10         1        2.12
   406     10         2        2.12
   406     10         3        1.61
   406     10         4        0.00
   406     11         1        1.86
   406     11         2        1.87
   406     11         3        0.00
   406     11         4        0.00
   406     12         1        1.45
   406     12         2        1.46
   406     12         3        0.90
   406     12         4        0.00
   414      1         1        0.00
   414      1         2        0.00
   414      1         3        0.00
   414      1         4        0.00
   414      2         1        0.00
   414      2         2        0.00
   414      2         3        0.00
   414      2         4        0.00
   414      3         1        0.00
   414      3         2        0.00
   414      3         3        0.00
   414      3         4        0.00
   414      4         1        0.00
   414      4         2        0.00
   414      4         3        0.00
   414      4         4        0.00
   414      5         1        0.00
   414      5         2        0.00
   414      5         3        0.00
   414      5         4        0.00
   414      6         1        0.00
   414      6         2        0.00
   414      6         3        0.00
   414      6         4        0.00
   414      7         1        0.00
   414      7         2        0.00
   414      7         3        0.00
   414      7         4        0.00
   414      8         1        0.00
   414      8         2        0.00
   414      8         3        0.00
   414      8         4        0.00
   414      9         1        0.00
   414      9         2        0.00
   414      9         3        0.00
   414      9         4        0.00
   414     10         1        1.21
   414     10         2        0.00
   414     10         3        0.00
   414     10         4        0.00
   414     11         1        1.63
   414     11         2        2.11
   414     11         3        1.93
   414     11         4        2.19
   414     12         1        1.21
   414     12         2        1.67
   414     12         3        1.47
   414     12         4        1.81
   414     13         1        0.00
   414     13         2        1.01
   414     13         3        1.15
   414     13         4        1.31
   648      1         1        0.00
   648      1         2        0.00
   648      1         3        0.00
   648      1         4        0.00
   648      2         1        0.00
   648      2         2        0.00
   648      2         3        0.00
   648      2         4        0.00
   648      3         1        0.00
   648      3         2        0.00
   648      3         3        0.00
   648      3         4        0.00
   648      4         1        0.00
   648      4         2        0.00
   648      4         3        0.00
   648      4         4        0.00
   648      5         1        0.00
   648      5         2        0.00
   648      5         3        0.00
   648      5         4        0.00
   648      6         1        0.00
   648      6         2       -0.00
   648      6         3        0.00
   648      6         4        0.00
   648      7         1        0.00
   648      7         2        0.00
   648      7         3        0.00
   648      7         4        0.00
   648      8         1        0.00
   648      8         2        0.00
   648      8         3        0.00
   648      8         4        0.00
   648      9         1        0.00
   648      9         2        0.00
   648      9         3        0.00
   648      9         4        0.00
   648     10         1        1.98
   648     10         2        1.07
   648     10         3        0.97
   648     10         4        1.99
   648     11         1        0.00
   648     11         2        1.60
   648     11         3        1.60
   648     11         4        1.60
   648     12         1        0.00
   648     12         2        1.18
   648     12         3        1.18
   648     12         4        1.18
   648     13         1        0.00
   648     13         2        0.77
   648     13         3        0.77
   648     13         4        0.77
   656      1         1        0.00
   656      1         2        0.00
   656      1         3        0.00
   656      1         4        0.00
   656      2         1        0.00
   656      2         2        0.00
   656      2         3        0.00
   656      2         4        0.00
   656      3         1        0.00
   656      3         2        0.00
   656      3         3        0.00
   656      3         4        0.00
   656      4         1        0.00
   656      4         2        0.00
   656      4         3        0.00
   656      4         4        0.00
   656      5         1        0.00
   656      5         2        0.00
   656      5         3        0.00
   656      5         4        0.00
   656      6         1        0.00
   656      6         2        0.00
   656      6         3        0.00
   656      6         4        0.00
   656      7         1        0.00
   656      7         2        0.00
   656      7         3        0.00
   656      7         4        0.00
   656      8         1        0.00
   656      8         2        0.00
   656      8         3        0.00
   656      8         4        0.00
   656      9         1        2.51
   656      9         2        1.70
   656      9         3        0.00
   656      9         4        0.00
   656     10         1        2.33
   656     10         2        0.00
   656     10         3        0.00
   656     10         4        0.00
   656     11         1        0.00
   656     11         2        2.47
   656     11         3        0.00
   656     11         4        0.00
   656     12         1        1.37
   656     12         2        2.06
   656     12         3        0.00
   656     12         4        0.00
   664      1         1        0.00
   664      1         2        0.00
   664      1         3        0.00
   664      1         4        0.00
   664      2         1        0.00
   664      2         2        0.00
   664      2         3        0.00
   664      2         4        0.00
   664      3         1        0.00
   664      3         2        0.00
   664      3         3        0.00
   664      3         4        0.00
   664      4         1        0.00
   664      4         2        0.00
   664      4         3        0.00
   664      4         4        0.00
   664      5         1        0.00
   664      5         2        0.00
   664      5         3        0.00
   664      5         4        0.00
   664      6         1        0.00
   664      6         2        0.00
   664      6         3        0.00
   664      6         4        0.00
   664      7         1        0.00
   664      7         2        0.00
   664      7         3        0.00
   664      7         4        0.00
   664      8         1        0.00
   664      8         2        0.00
   664      8         3        0.00
   664      8         4        3.21
   664      9         1        0.00
   664      9         2        0.00
   664      9         3        0.00
   664      9         4        2.94
   664     10         1        0.00
   664     10         2        0.00
   664     10         3        0.00
   664     10         4        0.00
   664     11         1        0.00
   664     11         2        4.44
   664     11         3        4.44
   664     11         4        0.00
   664     12         1        0.00
   664     12         2        3.65
   664     12         3        3.65
   664     12         4        0.00
   672      1         1        0.00
   672      1         2        0.00
   672      1         3        0.00
   672      1         4        0.00
   672      2         1        0.00
   672      2         2        0.00
   672      2         3        0.00
   672      2         4        0.00
   672      3         1        0.00
   672      3         2        0.00
   672      3         3        0.00
   672      3         4        0.00
   672      4         1        0.00
   672      4         2        0.00
   672      4         3        0.00
   672      4         4        0.00
   672      5         1        0.00
   672      5         2        0.00
   672      5         3        0.00
   672      5         4        0.00
   672      6         1        0.00
   672      6         2        0.00
   672      6         3        0.00
   672      6         4        0.00
   672      7         1        0.00
   672      7         2        0.00
   672      7         3        0.00
   672      7         4        0.00
   672      8         1        0.00
   672      8         2        0.00
   672      8         3        3.87
   672      8         4        3.23
   672      9         1        0.00
   672      9         2        2.69
   672      9         3        3.71
   672      9         4        3.71
   672     10         1        0.00
   672     10         2        6.06
   672     10         3        6.06
   672     10         4        6.06
   672     11         1        0.00
   672     11         2        5.49
   672     11         3        5.49
   672     11         4        5.49
   672     12         1        0.00
   672     12         2        0.00
   672     12         3        4.67
   672     12         4        4.67
