 Cycle Period  BidPrice Bid Volumes
   190      1         1        0.00
   190      1         2        0.00
   190      1         3        0.00
   190      1         4        0.00
   190      2         1        0.00
   190      2         2        0.00
   190      2         3        0.00
   190      2         4        0.00
   190      3         1        0.00
   190      3         2        0.00
   190      3         3        0.00
   190      3         4        0.00
   190      4         1        0.00
   190      4         2        0.00
   190      4         3        0.00
   190      4         4        0.00
   190      5         1        0.00
   190      5         2        0.00
   190      5         3        0.00
   190      5         4        0.00
   190      6         1        0.00
   190      6         2        0.00
   190      6         3        0.00
   190      6         4        0.00
   190      7         1        0.00
   190      7         2        0.00
   190      7         3        0.00
   190      7         4        0.00
   190      8         1        0.00
   190      8         2        0.00
   190      8         3        0.00
   190      8         4        0.00
   190      9         1        0.00
   190      9         2        0.00
   190      9         3        0.00
   190      9         4        0.00
   190     10         1        0.00
   190     10         2        0.00
   190     10         3        0.00
   190     10         4        1.94
   190     11         1        0.00
   190     11         2        0.00
   190     11         3        0.00
   190     11         4        1.55
   190     12         1        1.03
   190     12         2        0.00
   190     12         3        0.00
   190     12         4        1.14
   190     13         1        0.00
   190     13         2        0.00
   190     13         3        0.00
   190     13         4        0.00
   198      1         1        0.00
   198      1         2        0.00
   198      1         3        0.00
   198      1         4        0.00
   198      2         1        0.00
   198      2         2        0.00
   198      2         3        0.00
   198      2         4        0.00
   198      3         1        0.00
   198      3         2        0.00
   198      3         3        0.00
   198      3         4        0.00
   198      4         1        0.00
   198      4         2        0.00
   198      4         3        0.00
   198      4         4        0.00
   198      5         1        0.00
   198      5         2        0.00
   198      5         3        0.00
   198      5         4        0.00
   198      6         1        0.00
   198      6         2        0.00
   198      6         3        0.00
   198      6         4        0.00
   198      7         1        0.00
   198      7         2        0.00
   198      7         3        0.00
   198      7         4        0.00
   198      8         1        0.00
   198      8         2        0.00
   198      8         3        0.00
   198      8         4        0.00
   198      9         1        0.00
   198      9         2        0.00
   198      9         3        2.19
   198      9         4        2.53
   198     10         1        0.00
   198     10         2        2.09
   198     10         3        0.00
   198     10         4        2.34
   198     11         1        0.00
   198     11         2        0.00
   198     11         3        0.00
   198     11         4        2.09
   198     12         1        0.00
   198     12         2        1.68
   198     12         3        0.00
   198     12         4        1.72
   206      1         1        0.00
   206      1         2        0.00
   206      1         3        0.00
   206      1         4        0.00
   206      2         1        0.00
   206      2         2        0.00
   206      2         3        0.00
   206      2         4        0.00
   206      3         1        0.00
   206      3         2        0.00
   206      3         3        0.00
   206      3         4        0.00
   206      4         1        0.00
   206      4         2        0.00
   206      4         3        0.00
   206      4         4        0.00
   206      5         1        0.00
   206      5         2        0.00
   206      5         3        0.00
   206      5         4        0.00
   206      6         1        0.00
   206      6         2        0.00
   206      6         3        0.00
   206      6         4        0.00
   206      7         1        0.00
   206      7         2        0.00
   206      7         3        0.00
   206      7         4        0.00
   206      8         1        3.13
   206      8         2        3.13
   206      8         3        3.13
   206      8         4        3.13
   206      9         1        2.84
   206      9         2        2.84
   206      9         3        2.84
   206      9         4        2.84
   206     10         1        3.27
   206     10         2        3.27
   206     10         3        3.27
   206     10         4        3.27
   206     11         1        4.26
   206     11         2        4.26
   206     11         3        4.26
   206     11         4        4.26
   206     12         1        0.00
   206     12         2        0.00
   206     12         3        3.49
   206     12         4        3.49
   214      1         1        0.00
   214      1         2        0.00
   214      1         3        0.00
   214      1         4        0.00
   214      2         1        0.00
   214      2         2        0.00
   214      2         3        0.00
   214      2         4        0.00
   214      3         1        0.00
   214      3         2        0.00
   214      3         3        0.00
   214      3         4        0.00
   214      4         1        0.00
   214      4         2        0.00
   214      4         3        0.00
   214      4         4        0.00
   214      5         1        0.00
   214      5         2        0.00
   214      5         3        0.00
   214      5         4        0.00
   214      6         1        0.00
   214      6         2        0.00
   214      6         3        0.00
   214      6         4        0.00
   214      7         1        0.00
   214      7         2        0.00
   214      7         3        0.00
   214      7         4        0.00
   214      8         1        0.00
   214      8         2        0.00
   214      8         3        4.36
   214      8         4        0.00
   214      9         1        0.00
   214      9         2        0.00
   214      9         3        4.53
   214      9         4        0.00
   214     10         1        5.69
   214     10         2        0.00
   214     10         3        5.38
   214     10         4        0.00
   214     11         1        5.17
   214     11         2        4.64
   214     11         3        4.83
   214     11         4        0.00
   214     12         1        0.00
   214     12         2        0.00
   214     12         3        5.63
   214     12         4        0.00
   390      1         1        0.00
   390      1         2        0.00
   390      1         3        0.00
   390      1         4        0.00
   390      2         1        0.00
   390      2         2        0.00
   390      2         3        0.00
   390      2         4        0.00
   390      3         1        0.00
   390      3         2        0.00
   390      3         3        0.00
   390      3         4        0.00
   390      4         1        0.00
   390      4         2        0.00
   390      4         3        0.00
   390      4         4        0.00
   390      5         1        0.00
   390      5         2        0.00
   390      5         3        0.00
   390      5         4        0.00
   390      6         1        0.00
   390      6         2        0.00
   390      6         3        0.00
   390      6         4        0.00
   390      7         1        0.00
   390      7         2        0.00
   390      7         3        0.00
   390      7         4        0.00
   390      8         1        0.00
   390      8         2        0.00
   390      8         3        0.00
   390      8         4        3.75
   390      9         1        3.67
   390      9         2        0.00
   390      9         3        0.00
   390      9         4        0.00
   390     10         1        5.99
   390     10         2        0.00
   390     10         3        0.00
   390     10         4        0.00
   390     11         1        0.00
   390     11         2        0.00
   390     11         3        0.00
   390     11         4        0.00
   390     12         1        0.00
   390     12         2        0.00
   390     12         3        0.00
   390     12         4        0.00
   398      1         1        0.00
   398      1         2        0.00
   398      1         3        0.00
   398      1         4        0.00
   398      2         1        0.00
   398      2         2        0.00
   398      2         3        0.00
   398      2         4        0.00
   398      3         1        0.00
   398      3         2        0.00
   398      3         3        0.00
   398      3         4        0.00
   398      4         1        0.00
   398      4         2        0.00
   398      4         3        0.00
   398      4         4        0.00
   398      5         1        0.00
   398      5         2        0.00
   398      5         3        0.00
   398      5         4        0.00
   398      6         1        0.00
   398      6         2        0.00
   398      6         3        0.00
   398      6         4        0.00
   398      7         1        0.00
   398      7         2        0.00
   398      7         3        0.00
   398      7         4        0.00
   398      8         1        0.00
   398      8         2        0.00
   398      8         3        3.18
   398      8         4        3.18
   398      9         1        0.00
   398      9         2        0.00
   398      9         3        0.00
   398      9         4        2.90
   398     10         1        0.00
   398     10         2        0.00
   398     10         3        0.00
   398     10         4        3.32
   398     11         1        0.00
   398     11         2        0.00
   398     11         3        4.33
   398     11         4        4.33
   398     12         1        0.00
   398     12         2        0.00
   398     12         3        0.00
   398     12         4        3.54
   406      1         1        0.00
   406      1         2        0.00
   406      1         3        0.00
   406      1         4        0.00
   406      2         1        0.00
   406      2         2        0.00
   406      2         3        0.00
   406      2         4        0.00
   406      3         1        0.00
   406      3         2        0.00
   406      3         3        0.00
   406      3         4        0.00
   406      4         1        0.00
   406      4         2        0.00
   406      4         3        0.00
   406      4         4        0.00
   406      5         1        0.00
   406      5         2        0.00
   406      5         3        0.00
   406      5         4        0.00
   406      6         1        0.00
   406      6         2        0.00
   406      6         3        0.00
   406      6         4        0.00
   406      7         1        0.00
   406      7         2        0.00
   406      7         3        0.00
   406      7         4        0.00
   406      8         1        0.00
   406      8         2        0.00
   406      8         3        0.00
   406      8         4        0.00
   406      9         1        0.00
   406      9         2        0.00
   406      9         3        0.00
   406      9         4        2.35
   406     10         1        0.00
   406     10         2        0.00
   406     10         3        0.00
   406     10         4        2.08
   406     11         1        0.00
   406     11         2        0.00
   406     11         3        1.80
   406     11         4        2.22
   406     12         1        0.00
   406     12         2        0.00
   406     12         3        1.40
   406     12         4        1.86
   414      1         1        0.00
   414      1         2        0.00
   414      1         3        0.00
   414      1         4        0.00
   414      2         1        0.00
   414      2         2        0.00
   414      2         3        0.00
   414      2         4        0.00
   414      3         1        0.00
   414      3         2        0.00
   414      3         3        0.00
   414      3         4        0.00
   414      4         1        0.00
   414      4         2        0.00
   414      4         3        0.00
   414      4         4        0.00
   414      5         1        0.00
   414      5         2        0.00
   414      5         3        0.00
   414      5         4        0.00
   414      6         1        0.00
   414      6         2        0.00
   414      6         3        0.00
   414      6         4        0.00
   414      7         1        0.00
   414      7         2        0.00
   414      7         3        0.00
   414      7         4        0.00
   414      8         1        0.00
   414      8         2        0.00
   414      8         3        0.00
   414      8         4        0.00
   414      9         1        0.00
   414      9         2        0.00
   414      9         3        0.00
   414      9         4        0.00
   414     10         1        0.00
   414     10         2        0.00
   414     10         3        0.00
   414     10         4        0.00
   414     11         1        2.02
   414     11         2        1.79
   414     11         3        2.23
   414     11         4        2.23
   414     12         1        1.86
   414     12         2        1.17
   414     12         3        1.81
   414     12         4        1.81
   414     13         1        0.00
   414     13         2        0.00
   414     13         3        1.27
   414     13         4        1.27
   648      1         1        0.00
   648      1         2        0.00
   648      1         3        0.00
   648      1         4        0.00
   648      2         1        0.00
   648      2         2        0.00
   648      2         3        0.00
   648      2         4        0.00
   648      3         1        0.00
   648      3         2        0.00
   648      3         3        0.00
   648      3         4        0.00
   648      4         1        0.00
   648      4         2        0.00
   648      4         3        0.00
   648      4         4        0.00
   648      5         1        0.00
   648      5         2        0.00
   648      5         3        0.00
   648      5         4        0.00
   648      6         1        0.00
   648      6         2        0.00
   648      6         3        0.00
   648      6         4        0.00
   648      7         1        0.00
   648      7         2        0.00
   648      7         3        0.00
   648      7         4        0.00
   648      8         1        0.00
   648      8         2        0.00
   648      8         3        0.00
   648      8         4        0.00
   648      9         1        0.00
   648      9         2        0.00
   648      9         3        0.00
   648      9         4        0.00
   648     10         1        0.00
   648     10         2        0.00
   648     10         3        0.00
   648     10         4        0.00
   648     11         1        0.00
   648     11         2        0.00
   648     11         3        0.00
   648     11         4        0.00
   648     12         1        0.00
   648     12         2        0.00
   648     12         3        0.00
   648     12         4        0.00
   648     13         1        0.00
   648     13         2        0.00
   648     13         3        0.00
   648     13         4        0.00
   656      1         1        0.00
   656      1         2        0.00
   656      1         3        0.00
   656      1         4        0.00
   656      2         1        0.00
   656      2         2        0.00
   656      2         3        0.00
   656      2         4        0.00
   656      3         1        0.00
   656      3         2        0.00
   656      3         3        0.00
   656      3         4        0.00
   656      4         1        0.00
   656      4         2        0.00
   656      4         3        0.00
   656      4         4        0.00
   656      5         1        0.00
   656      5         2        0.00
   656      5         3        0.00
   656      5         4        0.00
   656      6         1        0.00
   656      6         2        0.00
   656      6         3        0.00
   656      6         4        0.00
   656      7         1        0.00
   656      7         2        0.00
   656      7         3        0.00
   656      7         4        0.00
   656      8         1        0.00
   656      8         2        0.00
   656      8         3        0.00
   656      8         4        0.00
   656      9         1        2.29
   656      9         2        2.76
   656      9         3        0.00
   656      9         4        2.17
   656     10         1        2.09
   656     10         2        2.60
   656     10         3        0.00
   656     10         4        2.11
   656     11         1        2.21
   656     11         2        0.00
   656     11         3        0.00
   656     11         4        0.00
   656     12         1        1.86
   656     12         2        1.87
   656     12         3        1.41
   656     12         4        0.00
   664      1         1        0.00
   664      1         2        0.00
   664      1         3        0.00
   664      1         4        0.00
   664      2         1        0.00
   664      2         2        0.00
   664      2         3        0.00
   664      2         4        0.00
   664      3         1        0.00
   664      3         2        0.00
   664      3         3        0.00
   664      3         4        0.00
   664      4         1        0.00
   664      4         2        0.00
   664      4         3        0.00
   664      4         4        0.00
   664      5         1        0.00
   664      5         2        0.00
   664      5         3        0.00
   664      5         4        0.00
   664      6         1        0.00
   664      6         2        0.00
   664      6         3        0.00
   664      6         4        0.00
   664      7         1        0.00
   664      7         2        0.00
   664      7         3        0.00
   664      7         4        0.00
   664      8         1        3.20
   664      8         2        0.00
   664      8         3        3.20
   664      8         4        3.20
   664      9         1        2.94
   664      9         2        0.00
   664      9         3        2.94
   664      9         4        2.94
   664     10         1        3.36
   664     10         2        0.00
   664     10         3        3.36
   664     10         4        3.36
   664     11         1        4.44
   664     11         2        4.44
   664     11         3        4.44
   664     11         4        4.44
   664     12         1        0.00
   664     12         2        0.00
   664     12         3        3.65
   664     12         4        3.65
   672      1         1        0.00
   672      1         2        0.00
   672      1         3        0.00
   672      1         4        0.00
   672      2         1        0.00
   672      2         2        0.00
   672      2         3        0.00
   672      2         4        0.00
   672      3         1        0.00
   672      3         2        0.00
   672      3         3        0.00
   672      3         4        0.00
   672      4         1        0.00
   672      4         2        0.00
   672      4         3        0.00
   672      4         4        0.00
   672      5         1        0.00
   672      5         2        0.00
   672      5         3        0.00
   672      5         4        0.00
   672      6         1        0.00
   672      6         2        0.00
   672      6         3        0.00
   672      6         4        0.00
   672      7         1        0.00
   672      7         2        0.00
   672      7         3        0.00
   672      7         4        0.00
   672      8         1        0.00
   672      8         2        3.77
   672      8         3        3.77
   672      8         4        3.77
   672      9         1        0.00
   672      9         2        3.71
   672      9         3        3.71
   672      9         4        3.71
   672     10         1        0.00
   672     10         2        0.00
   672     10         3        6.06
   672     10         4        6.06
   672     11         1        0.00
   672     11         2        5.49
   672     11         3        5.49
   672     11         4        5.49
   672     12         1        0.00
   672     12         2        0.00
   672     12         3        4.68
   672     12         4        0.00
