nPeriods:[
 25 25 25
]

StartH:[
 -3.746686 3.596870 -3.300191
]

ResHead:[
 -3.746618 -4.252168 -4.757718 -5.906424 -7.586273 -3.300191 -3.720020 -4.225570 -4.731120 -5.879826 -7.559675 -9.719480 -3.634748 -3.746686 -4.645848 -5.794554 -7.474403 -9.634209 -3.492259 -3.746686 -4.503359 -5.652064 -7.331913 -9.491719 -3.294923 -3.746686 -4.306023 -5.454729 -7.134578 -9.294383 -3.045988 -3.746686 -4.057088 -5.205794 -6.885643 -9.045449 -2.749523 -3.746686 -3.760624 -4.909329 -6.589178 -8.748984 -2.410350 -3.421450 -3.746686 -4.570156 -6.250005 -8.409811 -2.033964 -3.045065 -3.746686 -4.193770 -5.873619 -8.033425 -1.626446 -2.637546 -3.746686 -3.786252 -5.466101 -7.625906 -1.194359 -2.205459 -3.354164 -3.746686 -5.034013 -7.193819 -0.744644 -1.755744 -2.904450 -3.746686 -4.584299 -6.744104 -0.284507 -1.295608 -2.444313 -3.746686 -4.124162 -6.283968 0.178697 -0.832403 -1.981109 -3.660958 -3.746686 -5.820763 0.637587 -0.373513 -1.522219 -3.202068 -3.746686 -5.361873 1.084870 0.073769 -1.074936 -2.754785 -3.746686 -4.914591 1.513459 0.502359 -0.646347 -2.326196 -3.746686 -4.486001 1.916591 0.905490 -0.243215 -1.923064 -3.746686 -4.082870 2.287928 1.276828 0.128122 -1.551727 -3.711533 0.000000 2.621664 1.610564 0.461858 -1.217991 -3.377797 0.000000 2.912613 1.901513 0.752807 -0.927042 -3.086848 0.000000 3.156292 2.145192 0.996486 -0.683363 -2.843169 0.000000 3.348992 2.337891 1.189186 -0.490663 -2.650469 0.000000 3.487833 2.476732 1.328027 -0.351822 -2.511628 0.000000 3.570810 2.559710 1.411004 -0.268845 -2.428650 0.000000 3.596662 4.102212 4.607762 5.756468 7.436316 9.596122 3.573125 4.078675 4.584225 5.732930 7.412779 9.572585 3.493026 3.596870 4.504126 5.652832 7.332681 9.492486 3.357887 3.596870 4.368988 5.517693 7.197542 9.357348 3.170110 3.596870 4.181210 5.329915 7.009764 9.169570 2.932932 3.596870 3.944032 5.092737 6.772586 8.932392 2.650375 3.596870 3.661475 4.810181 6.490029 8.649835 2.327177 3.338277 3.596870 4.486983 6.166832 8.326637 1.968712 2.979812 3.596870 4.128518 5.808367 7.968173 1.580903 2.592004 3.596870 3.740709 5.420558 7.580364 1.170124 2.181224 3.329930 3.596870 5.009779 7.169584 0.743094 1.754194 2.902899 3.596870 4.582748 6.742554 0.306770 1.317870 2.466576 3.596870 4.146425 6.306231 -0.131766 0.879335 2.028040 3.596870 3.707889 5.867695 -0.565423 0.445677 1.594382 3.274231 3.596870 5.434037 -0.987217 0.023883 1.172588 2.852437 3.596870 5.012243 -1.390380 -0.379279 0.769426 2.449275 3.596870 4.609081 -1.768469 -0.757368 0.391337 2.071186 3.596870 4.230992 -2.115471 -1.104371 0.044335 1.724184 3.596870 3.883989 -2.425898 -1.414798 -0.266093 1.413756 3.573562 0.000000 -2.694874 -1.683774 -0.535068 1.144781 3.304586 0.000000 -2.918209 -1.907109 -0.758403 0.921446 3.081252 0.000000 -3.092468 -2.081368 -0.932662 0.747187 2.906993 0.000000 -3.215022 -2.203922 -1.055216 0.624633 2.784438 0.000000 -3.284089 -2.272989 -1.124283 0.555565 2.715371 0.000000 -3.300183 -3.805734 -4.311284 -5.459989 -7.139838 -9.299644 -3.274896 -3.780446 -4.285996 -5.434702 -7.114551 -9.274356 -3.195728 -3.300191 -4.206828 -5.355533 -7.035382 -9.195188 -3.064171 -3.300191 -4.075271 -5.223977 -6.903826 -9.063631 -2.882562 -3.300191 -3.893662 -5.042368 -6.722217 -8.882023 -2.654042 -3.300191 -3.665142 -4.813847 -6.493696 -8.653502 -2.382499 -3.300191 -3.393599 -4.542304 -6.222153 -8.381959 -2.072508 -3.083608 -3.300191 -4.232314 -5.912163 -8.071969 -1.729253 -2.740354 -3.300191 -3.889059 -5.568908 -7.728714 -1.358440 -2.369541 -3.300191 -3.518246 -5.198095 -7.357901 -0.966205 -1.977305 -3.126010 -3.300191 -4.805859 -6.965665 -0.559010 -1.570110 -2.718816 -3.300191 -4.398665 -6.558470 -0.143544 -1.154644 -2.303349 -3.300191 -3.983198 -6.143004 0.273393 -0.737707 -1.886413 -3.300191 -3.566262 -5.726067 0.684995 -0.326106 -1.474811 -3.154660 -3.300191 -5.314466 1.084561 0.073461 -1.075245 -2.755094 -3.300191 -4.914899 1.465606 0.454506 -0.694199 -2.374048 -3.300191 -4.533854 1.821962 0.810862 -0.337843 -2.017692 -3.300191 -4.177498 2.147877 1.136777 -0.011928 -1.691777 -3.300191 -3.851583 2.438107 1.427007 0.278302 -1.401547 -3.300191 -3.561353 2.688000 1.676900 0.528194 -1.151655 -3.300191 -3.311460 2.893568 1.882468 0.733762 -0.946087 -3.105893 0.000000 3.051550 2.040450 0.891744 -0.788105 -2.947911 0.000000 3.159463 2.148362 0.999657 -0.680192 -2.839998 0.000000 3.215638 2.204538 1.055832 -0.624017 -2.783822 0.000000
]

Flow:[
 0 39 57 76 95
]

Power:[
 0.000000 0.000000 0.000000 0.000000 0.000000 0.000000 -1.000000 -1.000000 358689.404813 760904.195024 1349096.773068 -1.000000 -1.000000 -1.000000 -1.000000 1127179.735866 1998509.870586 -1.000000 -1.000000 -1.000000 -1.000000 -1.000000 2664406.499531 -1.000000 -1.000000 -1.000000 -1.000000 -1.000000 -1.000000 -1.000000 0.000000 0.000000 0.000000 0.000000 0.000000 0.000000 -1.000000 -1.000000 368961.595244 771176.385454 1359368.963499 2115616.563843 -1.000000 -1.000000 -1.000000 1142396.638299 2013726.773020 3134008.374803 -1.000000 -1.000000 -1.000000 -1.000000 2684693.621623 4178249.207726 -1.000000 -1.000000 -1.000000 -1.000000 -1.000000 5019955.210190 0.000000 0.000000 0.000000 0.000000 0.000000 0.000000 -1.000000 -1.000000 378978.910406 781193.700616 1369386.278661 2125633.879005 -1.000000 -1.000000 -1.000000 1157235.976460 2028566.111181 3148847.712964 -1.000000 -1.000000 -1.000000 -1.000000 2704477.376322 4198032.962426 -1.000000 -1.000000 -1.000000 -1.000000 -1.000000 5043724.391382 0.000000 0.000000 0.000000 0.000000 0.000000 0.000000 -1.000000 -1.000000 388580.988902 790795.779112 1378988.357157 2135235.957500 -1.000000 -1.000000 -1.000000 1171460.195979 2042790.330699 3163071.932483 -1.000000 -1.000000 -1.000000 -1.000000 2723441.056960 4216996.643063 -1.000000 -1.000000 -1.000000 -1.000000 -1.000000 5066508.295043 0.000000 0.000000 0.000000 0.000000 0.000000 0.000000 -1.000000 -1.000000 397614.545076 799829.335286 1388021.913331 2144269.513675 -1.000000 -1.000000 -1.000000 1184842.224267 2056172.358988 3176453.960771 -1.000000 -1.000000 -1.000000 -1.000000 2741281.931140 4234837.517243 -1.000000 -1.000000 -1.000000 -1.000000 -1.000000 5087943.203504 0.000000 0.000000 0.000000 0.000000 0.000000 0.000000 -1.000000 -1.000000 405935.826541 808150.616751 1396343.194796 2152590.795140 -1.000000 -1.000000 -1.000000 1197169.111023 2068499.245743 3188780.847527 -1.000000 -1.000000 -1.000000 -1.000000 2757716.094250 4251271.680353 -1.000000 -1.000000 -1.000000 -1.000000 -1.000000 5107688.019724 0.000000 0.000000 0.000000 0.000000 0.000000 0.000000 -1.000000 408532.590212 413412.911014 815627.701225 1403820.279270 2160067.879613 -1.000000 -1.000000 -1.000000 1208245.430692 2079575.565412 3199857.167196 -1.000000 -1.000000 -1.000000 -1.000000 2772483.005613 4266038.591716 -1.000000 -1.000000 -1.000000 -1.000000 -1.000000 5125429.717251 0.000000 0.000000 0.000000 0.000000 0.000000 0.000000 -1.000000 419927.805716 533807.686676 822142.595926 1410335.173971 2166582.774315 -1.000000 -1.000000 -1.000000 1217896.392451 2089226.527172 3209508.128955 -1.000000 -1.000000 -1.000000 -1.000000 2785349.634704 4278905.220807 -1.000000 -1.000000 -1.000000 -1.000000 -1.000000 5140888.321688 0.000000 0.000000 0.000000 0.000000 0.000000 0.000000 -1.000000 425378.315911 671048.188037 827593.106122 1415785.684167 2172033.284510 -1.000000 -1.000000 -1.000000 1225970.608210 2097300.742931 3217582.344714 -1.000000 -1.000000 -1.000000 -1.000000 2796114.151438 4289669.737542 -1.000000 -1.000000 -1.000000 -1.000000 -1.000000 5153821.344392 0.000000 0.000000 0.000000 0.000000 0.000000 0.000000 -1.000000 429679.652967 818040.536648 831894.443177 1420087.021222 2176334.621565 -1.000000 -1.000000 1211819.729813 1232342.474731 2103672.609452 3223954.211235 -1.000000 -1.000000 -1.000000 -1.000000 2804609.102013 4298164.688116 -1.000000 -1.000000 -1.000000 -1.000000 -1.000000 5164027.598082 0.000000 0.000000 0.000000 0.000000 0.000000 0.000000 -1.000000 432765.756655 834980.546865 972420.326003 1423173.124910 2179420.725254 -1.000000 -1.000000 1236914.132455 1440513.133432 2108244.267175 3228525.868959 -1.000000 -1.000000 -1.000000 -1.000000 2810704.020398 4304259.606501 -1.000000 -1.000000 -1.000000 -1.000000 -1.000000 5171350.334420 0.000000 0.000000 0.000000 0.000000 0.000000 0.000000 -1.000000 434590.311070 836805.101280 1131710.773462 1424997.679325 2181245.279669 -1.000000 -1.000000 1239616.970443 1676481.032764 2110947.105163 3231228.706947 -1.000000 -1.000000 -1.000000 -1.000000 2814307.434725 4307863.020829 -1.000000 -1.000000 -1.000000 -1.000000 -1.000000 5175679.654581 0.000000 0.000000 0.000000 0.000000 0.000000 0.000000 -1.000000 435127.438613 837342.228823 1293362.902878 1425534.806868 2181782.407212 -1.000000 -1.000000 1240412.654428 1915947.454068 2111742.789148 3232024.390932 -1.000000 -1.000000 -1.000000 -1.000000 2815368.237883 4308923.823986 -1.000000 -1.000000 -1.000000 -1.000000 -1.000000 5176954.155950 0.000000 0.000000 0.000000 0.000000 0.000000 0.000000 -1.000000 434372.061705 836586.851915 1424779.429960 1454796.782929 2181027.030304 -1.000000 -1.000000 1239293.662643 2110623.797363 2155090.567572 3230905.399146 -1.000000 -1.000000 -1.000000 2813876.401876 2873159.347286 4307431.987979 -1.000000 -1.000000 -1.000000 -1.000000 -1.000000 5175161.790401 0.000000 0.000000 0.000000 0.000000 0.000000 0.000000 -1.000000 432339.927310 834554.717520 1422747.295565 1613443.151678 2178994.895909 -1.000000 -1.000000 1236283.322148 2107613.456868 2390104.348797 3227895.058652 -1.000000 -1.000000 -1.000000 2809863.026262 3186478.913723 4303418.612365 -1.000000 -1.000000 -1.000000 -1.000000 -1.000000 5170339.922479 0.000000 0.000000 0.000000 0.000000 0.000000 0.000000 -1.000000 429067.294868 831282.085079 1419474.663124 1766784.753590 2175722.263467 -1.000000 -1.000000 1231435.346549 2102765.481269 2617259.813927 3223047.083052 -1.000000 -1.000000 -1.000000 2803399.721833 3489321.800118 4296955.307937 -1.000000 -1.000000 -1.000000 -1.000000 -1.000000 5162574.588932 0.000000 0.000000 0.000000 0.000000 0.000000 0.000000 -1.000000 424610.293603 826825.083813 1415017.661858 1912396.721795 2171265.262202 -1.000000 -1.000000 1224832.883924 2096163.018644 2832964.840833 3216444.620427 -1.000000 -1.000000 -1.000000 2794597.341325 3776899.001576 4288152.927428 -1.000000 -1.000000 -1.000000 -1.000000 -1.000000 5151998.973716 0.000000 0.000000 0.000000 0.000000 0.000000 0.000000 -1.000000 419043.960593 821258.750803 1409451.328848 2047985.355724 2165698.929192 -1.000000 -1.000000 1216587.091861 2087917.226581 3033821.613050 3208198.828364 -1.000000 -1.000000 -1.000000 2783604.079650 4044680.560851 4277159.665753 -1.000000 -1.000000 -1.000000 -1.000000 -1.000000 5138791.125530 0.000000 0.000000 0.000000 0.000000 0.000000 0.000000 -1.000000 412460.976069 814675.766279 1402868.344324 2159115.944667 859537.253482 -1.000000 -1.000000 1206835.263962 2078165.398682 3198447.000465 1273291.671519 -1.000000 -1.000000 -1.000000 2770602.976169 4264158.562272 -1.000000 -1.000000 -1.000000 -1.000000 -1.000000 5123170.956910 -1.000000 0.000000 0.000000 0.000000 0.000000 0.000000 0.000000 -1.000000 404970.117260 807184.907471 1395377.485516 2151625.085859 968902.726545 -1.000000 -1.000000 1195738.539422 2067068.674143 3187350.275926 1435302.271337 -1.000000 -1.000000 -1.000000 2755808.861103 4249364.447206 -1.000000 -1.000000 -1.000000 -1.000000 -1.000000 5105396.575509 -1.000000 0.000000 0.000000 0.000000 0.000000 0.000000 0.000000 -1.000000 396694.456665 798909.246876 1387101.824921 2143349.425264 1062501.680204 -1.000000 -1.000000 1183479.234001 2054809.368721 3175090.970504 1573956.841193 -1.000000 -1.000000 -1.000000 2739464.797195 4233020.383298 -1.000000 -1.000000 -1.000000 -1.000000 -1.000000 5085760.008926 -1.000000 0.000000 0.000000 0.000000 0.000000 0.000000 0.000000 -1.000000 387769.334566 789984.124777 1378176.702822 2134424.303165 1138899.851170 -1.000000 -1.000000 1170257.836569 2041587.971289 3161869.573072 1687130.708196 -1.000000 -1.000000 -1.000000 2721838.075521 4215393.661624 -1.000000 -1.000000 -1.000000 -1.000000 -1.000000 5064582.393876 -1.000000 0.000000 0.000000 0.000000 0.000000 0.000000 0.000000 -1.000000 378340.139313 780554.929523 1368747.507568 2124995.107912 1196943.704783 -1.000000 -1.000000 1156289.720892 2027619.855612 3147901.457395 1773115.062090 -1.000000 -1.000000 -1.000000 2703215.831647 4196771.417750 -1.000000 -1.000000 -1.000000 -1.000000 -1.000000 5042208.709226 -1.000000 0.000000 0.000000 0.000000 0.000000 0.000000 0.000000 -1.000000 368559.931776 770774.721986 1358967.300031 2115214.900375 1235778.155605 -1.000000 -1.000000 1141801.626569 2013131.761289 3133413.363072 1830643.205983 -1.000000 -1.000000 -1.000000 2683900.354026 4177455.940129 -1.000000 -1.000000 -1.000000 -1.000000 -1.000000 5019002.139273 -1.000000 0.000000 0.000000 0.000000 0.000000 0.000000 0.000000 -1.000000 358586.952898 760801.743108 1348994.321153 2105241.921497 1254859.420012 -1.000000 -1.000000 1127027.966795 1998358.101515 3118639.703298 1858909.595780 -1.000000 -1.000000 -1.000000 2664204.161526 4157759.747630 -1.000000 -1.000000 -1.000000 -1.000000 -1.000000 4995338.159639 -1.000000 0.000000 0.000000 0.000000 0.000000 0.000000 0.000000 -1.000000 -1.000000 358153.532873 760368.323083 1348560.901128 2104808.501472 -1.000000 -1.000000 -1.000000 1126385.911892 1997716.046612 3117997.648396 -1.000000 -1.000000 -1.000000 -1.000000 2663348.176134 4156903.762237 -1.000000 -1.000000 -1.000000 -1.000000 -1.000000 4994309.736460 0.000000 0.000000 0.000000 0.000000 0.000000 0.000000 -1.000000 -1.000000 368055.909047 770270.699257 1358463.277302 2114710.877646 -1.000000 -1.000000 -1.000000 1141054.983022 2012385.117743 3132666.719526 -1.000000 -1.000000 -1.000000 -1.000000 2682904.931413 4176460.517516 -1.000000 -1.000000 -1.000000 -1.000000 -1.000000 5017806.189323 0.000000 0.000000 0.000000 0.000000 0.000000 0.000000 -1.000000 -1.000000 377691.932290 779906.722500 1368099.300545 2124346.900889 -1.000000 -1.000000 -1.000000 1155329.487231 2026659.621951 3146941.223734 -1.000000 -1.000000 -1.000000 -1.000000 2701935.651426 4195491.237529 -1.000000 -1.000000 -1.000000 -1.000000 -1.000000 5040670.637404 0.000000 0.000000 0.000000 0.000000 0.000000 0.000000 -1.000000 -1.000000 386907.634409 789122.424619 1377315.002664 2133562.603008 -1.000000 -1.000000 -1.000000 1168981.340839 2040311.475559 3160593.077342 -1.000000 -1.000000 -1.000000 -1.000000 2720136.255796 4213691.841899 -1.000000 -1.000000 -1.000000 -1.000000 -1.000000 5062537.743504 0.000000 0.000000 0.000000 0.000000 0.000000 0.000000 -1.000000 -1.000000 395556.315233 797771.105444 1385963.683489 2142211.283832 -1.000000 -1.000000 -1.000000 1181793.226791 2053123.361511 3173404.963295 -1.000000 -1.000000 -1.000000 -1.000000 2737217.018170 4230772.604273 -1.000000 -1.000000 -1.000000 -1.000000 -1.000000 5083059.416054 0.000000 0.000000 0.000000 0.000000 0.000000 0.000000 -1.000000 -1.000000 403500.887426 805715.677636 1393908.255681 2150155.856025 -1.000000 -1.000000 -1.000000 1193562.068182 2064892.202903 3185173.804686 -1.000000 -1.000000 -1.000000 -1.000000 2752907.197116 4246462.783220 -1.000000 -1.000000 -1.000000 -1.000000 -1.000000 5101910.372911 0.000000 0.000000 0.000000 0.000000 0.000000 0.000000 -1.000000 387994.699282 410616.058864 812830.849075 1401023.427119 2157271.027463 -1.000000 -1.000000 -1.000000 1204102.261173 2075432.395893 3195713.997676 -1.000000 -1.000000 -1.000000 -1.000000 2766959.346232 4260514.932335 -1.000000 -1.000000 -1.000000 -1.000000 -1.000000 5118793.319728 0.000000 0.000000 0.000000 0.000000 0.000000 0.000000 -1.000000 416790.317823 507335.455703 819005.108033 1407197.686078 2163445.286422 -1.000000 -1.000000 -1.000000 1213248.615770 2084578.750490 3204860.352274 -1.000000 -1.000000 -1.000000 -1.000000 2779153.234786 4272708.820889 -1.000000 -1.000000 -1.000000 -1.000000 -1.000000 5133443.660418 0.000000 0.000000 0.000000 0.000000 0.000000 0.000000 -1.000000 421927.689458 637987.842717 824142.479668 1412335.057713 2168582.658057 -1.000000 -1.000000 -1.000000 1220858.957834 2092189.092555 3212470.694338 -1.000000 -1.000000 -1.000000 -1.000000 2789299.316703 4282854.902806 -1.000000 -1.000000 -1.000000 -1.000000 -1.000000 5145633.664952 0.000000 0.000000 0.000000 0.000000 0.000000 0.000000 -1.000000 425949.235940 777799.147848 828164.026150 1416356.604195 2172604.204538 -1.000000 -1.000000 1152207.391893 1226816.351329 2098146.486049 3218428.087832 -1.000000 -1.000000 -1.000000 -1.000000 2797241.693261 4290797.279364 -1.000000 -1.000000 -1.000000 -1.000000 -1.000000 5155176.028894 0.000000 0.000000 0.000000 0.000000 0.000000 0.000000 -1.000000 428794.276750 831009.066960 924477.040271 1419201.645005 2175449.245349 -1.000000 -1.000000 1231030.906026 1369491.445681 2102361.040746 3222642.642529 -1.000000 -1.000000 -1.000000 -1.000000 2802860.523116 4296416.109219 -1.000000 -1.000000 -1.000000 -1.000000 -1.000000 5161926.768930 0.000000 0.000000 0.000000 0.000000 0.000000 0.000000 -1.000000 430421.310333 832636.100544 1075627.007088 1420828.678588 2177076.278932 -1.000000 -1.000000 1233441.142816 1593400.290956 2104771.277536 3225052.879320 -1.000000 -1.000000 -1.000000 -1.000000 2806073.842532 4299629.428635 -1.000000 -1.000000 -1.000000 -1.000000 -1.000000 5165787.409773 0.000000 0.000000 0.000000 0.000000 0.000000 0.000000 -1.000000 430808.623096 833023.413306 1228791.320250 1421215.991351 2177463.591694 -1.000000 -1.000000 1234014.895859 1820293.126064 2105345.030579 3225626.632362 -1.000000 -1.000000 -1.000000 -1.000000 2806838.768119 4300394.354222 -1.000000 -1.000000 -1.000000 -1.000000 -1.000000 5166706.429199 0.000000 0.000000 0.000000 0.000000 0.000000 0.000000 -1.000000 429954.576938 832169.367148 1381488.900017 1420361.945193 2176609.545536 -1.000000 -1.000000 1232749.738525 2046494.556881 2104079.873245 3224361.475029 -1.000000 -1.000000 -1.000000 2728379.518590 2805152.064704 4298707.650807 -1.000000 -1.000000 -1.000000 -1.000000 -1.000000 5164679.940310 0.000000 0.000000 0.000000 0.000000 0.000000 0.000000 -1.000000 427877.571657 830092.361867 1418284.939912 1531255.428346 2174532.540256 -1.000000 -1.000000 1229672.927701 2101003.062421 2268354.019540 3221284.664204 -1.000000 -1.000000 -1.000000 2801050.071075 3024161.792669 4294605.657178 -1.000000 -1.000000 -1.000000 -1.000000 -1.000000 5159751.602322 0.000000 0.000000 0.000000 0.000000 0.000000 0.000000 -1.000000 424615.683852 826830.474063 1415023.052108 1675683.063589 2171270.652451 -1.000000 -1.000000 1224840.868871 2096171.003591 2482304.612545 3216452.605375 -1.000000 -1.000000 -1.000000 2794607.986829 3309399.988873 4288163.572932 -1.000000 -1.000000 -1.000000 -1.000000 -1.000000 5152011.763752 0.000000 0.000000 0.000000 0.000000 0.000000 0.000000 -1.000000 420225.989227 822440.779437 1410633.357482 1812459.116402 2166880.957826 -1.000000 -1.000000 1218338.112202 2089668.246922 2684920.390051 3209949.848706 -1.000000 -1.000000 -1.000000 2785938.533959 3579526.647961 4279494.120062 -1.000000 -1.000000 -1.000000 -1.000000 -1.000000 5141595.854374 0.000000 0.000000 0.000000 0.000000 0.000000 0.000000 -1.000000 414783.580189 816998.370400 1405190.948444 1939403.065552 2161438.548788 -1.000000 -1.000000 1210275.897246 2081606.031966 2872971.195932 3201887.633749 -1.000000 -1.000000 -1.000000 2775190.016653 3830235.336872 4268745.602756 -1.000000 -1.000000 -1.000000 -1.000000 -1.000000 5128682.054174 0.000000 0.000000 0.000000 0.000000 0.000000 0.000000 -1.000000 408380.295655 810595.085866 1398787.663911 2054501.321130 2155035.264254 -1.000000 -1.000000 1200790.271306 2072120.406027 3043474.160918 3192402.007810 -1.000000 -1.000000 -1.000000 2762543.812710 4057549.304535 4256099.398813 -1.000000 -1.000000 -1.000000 -1.000000 -1.000000 5113488.279410 0.000000 0.000000 0.000000 0.000000 0.000000 0.000000 -1.000000 401123.184454 803337.974664 1391530.552709 2147778.153053 896509.290728 -1.000000 -1.000000 1190039.813180 2061369.947900 3181651.549683 1328060.894044 -1.000000 -1.000000 -1.000000 2748211.338837 4241766.924940 -1.000000 -1.000000 -1.000000 -1.000000 -1.000000 5096268.536566 -1.000000 0.000000 0.000000 0.000000 0.000000 0.000000 0.000000 -1.000000 393132.728017 795347.518227 1383540.096272 2139787.696616 982699.582933 -1.000000 -1.000000 1178203.000299 2049533.135020 3169814.736803 1455740.503956 -1.000000 -1.000000 -1.000000 2732430.540535 4225986.126638 -1.000000 -1.000000 -1.000000 -1.000000 -1.000000 5077308.705135 -1.000000 0.000000 0.000000 0.000000 0.000000 0.000000 0.000000 -1.000000 384540.851871 786755.642082 1374948.220127 2131195.820470 1052307.542555 -1.000000 -1.000000 1165475.263026 2036805.397747 3157086.999530 1558855.563715 -1.000000 -1.000000 -1.000000 2715461.964891 4209017.550994 -1.000000 -1.000000 -1.000000 -1.000000 -1.000000 5056921.819270 -1.000000 0.000000 0.000000 0.000000 0.000000 0.000000 0.000000 -1.000000 375488.758689 777703.548900 1365896.126945 2122143.727288 1104271.532849 -1.000000 -1.000000 1152065.774593 2023395.909313 3143677.511097 1635833.397768 -1.000000 -1.000000 -1.000000 2697584.480940 4191140.067043 -1.000000 -1.000000 -1.000000 -1.000000 -1.000000 5035442.926020 -1.000000 0.000000 0.000000 0.000000 0.000000 0.000000 0.000000 -1.000000 366124.618521 768339.408731 1356531.986776 2112779.587119 1137819.289793 -1.000000 -1.000000 1138194.029489 2009524.164209 3129805.765993 1685529.998283 -1.000000 -1.000000 -1.000000 2679090.717982 4172646.304086 -1.000000 -1.000000 -1.000000 -1.000000 -1.000000 5013223.604697 -1.000000 0.000000 0.000000 0.000000 0.000000 0.000000 0.000000 -1.000000 356601.153938 758815.944149 1347008.522193 2103256.122537 1152479.441985 -1.000000 -1.000000 1124086.266169 1995416.400889 3115698.002673 1707247.090375 -1.000000 -1.000000 -1.000000 2660282.296349 4153837.882453 -1.000000 -1.000000 -1.000000 -1.000000 -1.000000 4990626.236881 -1.000000 0.000000 0.000000 0.000000 0.000000 0.000000 0.000000 -1.000000 -1.000000 358459.972021 760674.762232 1348867.340277 2105114.940620 -1.000000 -1.000000 -1.000000 1126839.861286 1998169.996007 3118451.597790 -1.000000 -1.000000 -1.000000 -1.000000 2663953.379908 4157508.966011 -1.000000 -1.000000 -1.000000 -1.000000 -1.000000 4995036.858201 0.000000 0.000000 0.000000 0.000000 0.000000 0.000000 -1.000000 -1.000000 367893.062671 770107.852881 1358300.430926 2114548.031270 -1.000000 -1.000000 -1.000000 1140813.747482 2012143.882202 3132425.483985 -1.000000 -1.000000 -1.000000 -1.000000 2682583.317018 4176138.903121 -1.000000 -1.000000 -1.000000 -1.000000 -1.000000 5017419.785885 0.000000 0.000000 0.000000 0.000000 0.000000 0.000000 -1.000000 -1.000000 377064.845070 779279.635281 1367472.213326 2123719.813669 -1.000000 -1.000000 -1.000000 1154400.539787 2025730.674508 3146012.276291 -1.000000 -1.000000 -1.000000 -1.000000 2700697.181883 4194252.767986 -1.000000 -1.000000 -1.000000 -1.000000 -1.000000 5039182.678854 0.000000 0.000000 0.000000 0.000000 0.000000 0.000000 -1.000000 -1.000000 385827.581350 788042.371560 1376234.949605 2132482.549949 -1.000000 -1.000000 -1.000000 1167381.383933 2038711.518653 3158993.120436 -1.000000 -1.000000 -1.000000 -1.000000 2718003.198740 4211558.784843 -1.000000 -1.000000 -1.000000 -1.000000 -1.000000 5059974.983279 0.000000 0.000000 0.000000 0.000000 0.000000 0.000000 -1.000000 -1.000000 394040.622535 796255.412746 1384447.990791 2140695.591134 -1.000000 -1.000000 -1.000000 1179547.926915 2050878.061635 3171159.663418 -1.000000 -1.000000 -1.000000 -1.000000 2734223.592082 4227779.178185 -1.000000 -1.000000 -1.000000 -1.000000 -1.000000 5079462.965929 0.000000 0.000000 0.000000 0.000000 0.000000 0.000000 -1.000000 -1.000000 401572.656576 803787.446786 1391980.024831 2148227.625175 -1.000000 -1.000000 -1.000000 1190705.647158 2062035.781878 3182317.383662 -1.000000 -1.000000 -1.000000 -1.000000 2749099.026411 4242654.612515 -1.000000 -1.000000 -1.000000 -1.000000 -1.000000 5097335.048314 0.000000 0.000000 0.000000 0.000000 0.000000 0.000000 -1.000000 375597.421303 408303.798358 810518.588568 1398711.166613 2154958.766957 -1.000000 -1.000000 -1.000000 1200676.950597 2072007.085317 3192288.687100 -1.000000 -1.000000 -1.000000 -1.000000 2762392.733929 4255948.320032 -1.000000 -1.000000 -1.000000 -1.000000 -1.000000 5113306.765892 0.000000 0.000000 0.000000 0.000000 0.000000 0.000000 -1.000000 414127.488507 489963.087901 816342.278717 1404534.856762 2160782.457106 -1.000000 -1.000000 -1.000000 1209303.983496 2080634.118216 3200915.719999 -1.000000 -1.000000 -1.000000 -1.000000 2773894.264578 4267449.850681 -1.000000 -1.000000 -1.000000 -1.000000 -1.000000 5127125.273557 0.000000 0.000000 0.000000 0.000000 0.000000 0.000000 -1.000000 418952.170924 614977.127066 821166.961135 1409359.539180 2165607.139523 -1.000000 -1.000000 -1.000000 1216451.117509 2087781.252230 3208062.854013 -1.000000 -1.000000 -1.000000 -1.000000 2783422.799112 4276978.385215 -1.000000 -1.000000 -1.000000 -1.000000 -1.000000 5138573.326127 0.000000 0.000000 0.000000 0.000000 0.000000 0.000000 -1.000000 422702.722755 748566.400480 824917.512965 1413110.091010 2169357.691354 -1.000000 -1.000000 -1.000000 1222007.067982 2093337.202702 3213618.804485 -1.000000 -1.000000 -1.000000 -1.000000 2790829.973211 4284385.559314 -1.000000 -1.000000 -1.000000 -1.000000 -1.000000 5147472.671370 0.000000 0.000000 0.000000 0.000000 0.000000 0.000000 -1.000000 425321.614499 827536.404709 888525.117467 1415728.982754 2171976.583098 -1.000000 -1.000000 1225886.612507 1316233.388864 2097216.747227 3217498.349010 -1.000000 -1.000000 -1.000000 -1.000000 2796002.168655 4289557.754758 -1.000000 -1.000000 -1.000000 -1.000000 -1.000000 5153686.802739 0.000000 0.000000 0.000000 0.000000 0.000000 0.000000 -1.000000 426769.782443 828984.572653 1032550.894142 1417177.150698 2173424.751041 -1.000000 -1.000000 1228031.883319 1529588.681124 2099362.018039 3219643.619823 -1.000000 -1.000000 -1.000000 -1.000000 2798862.236338 4292417.822441 -1.000000 -1.000000 -1.000000 -1.000000 -1.000000 5157123.029482 0.000000 0.000000 0.000000 0.000000 0.000000 0.000000 -1.000000 427027.200329 829241.990539 1178282.256647 1417434.568584 2173682.168928 -1.000000 -1.000000 1228413.214145 1745470.575021 2099743.348865 3220024.950648 -1.000000 -1.000000 -1.000000 -1.000000 2799370.625286 4292926.211389 -1.000000 -1.000000 -1.000000 -1.000000 -1.000000 5157733.833103 0.000000 0.000000 0.000000 0.000000 0.000000 0.000000 -1.000000 426093.141984 828307.932195 1323336.978694 1416500.510240 2172748.110583 -1.000000 -1.000000 1227029.529254 1960350.114853 2098359.663974 3218641.265758 -1.000000 -1.000000 -1.000000 -1.000000 2797525.901339 4291081.487442 -1.000000 -1.000000 -1.000000 -1.000000 -1.000000 5155517.490533 0.000000 0.000000 0.000000 0.000000 0.000000 0.000000 -1.000000 423986.131770 826200.921981 1414393.500025 1465350.632183 2170641.100369 -1.000000 -1.000000 1223908.270057 2095238.404777 2170724.710598 3215520.006561 -1.000000 -1.000000 -1.000000 2793364.649291 2894002.733103 4286920.235395 -1.000000 -1.000000 -1.000000 -1.000000 -1.000000 5150517.956552 0.000000 0.000000 0.000000 0.000000 0.000000 0.000000 -1.000000 420743.584659 822958.374870 1411150.952915 1602014.728346 2167398.553258 -1.000000 -1.000000 1219104.861928 2090434.996648 2373174.639016 3210716.598431 -1.000000 -1.000000 -1.000000 2786960.762062 3163908.282756 4280516.348165 -1.000000 -1.000000 -1.000000 -1.000000 -1.000000 5142824.009765 0.000000 0.000000 0.000000 0.000000 0.000000 0.000000 -1.000000 416421.142801 818635.933011 1406828.511056 1731113.835540 2163076.111399 -1.000000 -1.000000 1212701.731410 2084031.866130 2564418.028787 3204313.467913 -1.000000 -1.000000 -1.000000 2778424.130434 3418873.313550 4271979.716537 -1.000000 -1.000000 -1.000000 -1.000000 -1.000000 5132567.678396 0.000000 0.000000 0.000000 0.000000 0.000000 0.000000 -1.000000 411091.720327 813306.510538 1401499.088583 1850561.078402 2157746.688926 -1.000000 -1.000000 1204806.891225 2076137.025945 2741363.447855 3196418.627728 -1.000000 -1.000000 -1.000000 2767898.756598 3654776.338882 4261454.342701 -1.000000 -1.000000 -1.000000 -1.000000 -1.000000 5119921.973796 0.000000 0.000000 0.000000 0.000000 0.000000 0.000000 -1.000000 404844.272749 807059.062959 1395251.641004 1958431.451211 2151499.241347 -1.000000 -1.000000 1195552.117289 2066882.252009 2901159.252802 3187163.853793 -1.000000 -1.000000 -1.000000 2755560.323754 3867815.557534 4249115.909858 -1.000000 -1.000000 -1.000000 -1.000000 -1.000000 5105097.970449 0.000000 0.000000 0.000000 0.000000 0.000000 0.000000 -1.000000 397782.311773 799997.101983 1388189.680028 2052992.415466 2144437.280371 -1.000000 -1.000000 1185090.748618 2056420.883338 3041238.915142 3176702.485121 -1.000000 -1.000000 -1.000000 2741613.262951 4054569.282539 4235168.849054 -1.000000 -1.000000 -1.000000 -1.000000 -1.000000 5088341.281925 0.000000 0.000000 0.000000 0.000000 0.000000 0.000000 -1.000000 390022.190308 792236.980518 1380429.558563 2132731.297280 2136677.158907 -1.000000 -1.000000 1173595.146779 2044925.281500 3159361.606972 3165206.883283 -1.000000 -1.000000 -1.000000 2726287.366039 4212050.049829 4219842.952142 -1.000000 -1.000000 -1.000000 -1.000000 5060565.213325 5069927.991519 0.000000 0.000000 0.000000 0.000000 0.000000 0.000000 -1.000000 381691.186142 783905.976352 1372098.554397 2128346.154741 1040829.950089 -1.000000 -1.000000 1161253.857119 2032583.991839 3152865.593622 1541853.016314 -1.000000 -1.000000 -1.000000 2709834.001025 4203389.587128 -1.000000 -1.000000 -1.000000 -1.000000 -1.000000 5050160.105181 -1.000000 0.000000 0.000000 0.000000 0.000000 0.000000 0.000000 -1.000000 372925.415845 775140.206056 1363332.784101 2119580.384444 1087380.931811 -1.000000 -1.000000 1148268.518475 2019598.653196 3139880.254979 1610812.188341 -1.000000 -1.000000 -1.000000 2692521.992118 4186077.578221 -1.000000 -1.000000 -1.000000 -1.000000 -1.000000 5029360.601612 -1.000000 0.000000 0.000000 0.000000 0.000000 0.000000 0.000000 -1.000000 363867.613112 766082.403323 1354274.981368 2110522.581711 1116108.340502 -1.000000 -1.000000 1134850.572091 2006180.706812 3126462.308595 1653368.075341 -1.000000 -1.000000 -1.000000 2674633.232056 4168188.818159 -1.000000 -1.000000 -1.000000 -1.000000 -1.000000 5007868.160685 -1.000000 0.000000 0.000000 0.000000 0.000000 0.000000 0.000000 -1.000000 354664.807850 756879.598060 1345072.176105 2101319.776449 1126575.141198 -1.000000 -1.000000 1121217.823484 1992547.958204 3112829.559987 1668873.267350 -1.000000 -1.000000 -1.000000 2656458.098407 4150013.684510 -1.000000 -1.000000 -1.000000 -1.000000 -1.000000 4986031.656369 -1.000000
]