nPeriods:[
 12 12 12
]

StartH:[
 -3.409653 3.233752 -2.931090
]

ResHead:[
 -3.409462 -3.915012 -4.420562 -5.569268 -7.249117 -9.408922 -3.387202 -3.892752 -4.398302 -5.547008 -7.226857 -9.386662 -3.311556 -3.409653 -4.322656 -5.471362 -7.151211 -9.311017 -3.183869 -3.409653 -4.194970 -5.343675 -7.023524 -9.183330 -3.006317 -3.409653 -4.017417 -5.166123 -6.845972 -9.005778 -2.781869 -3.409653 -3.792969 -4.941675 -6.621524 -8.781329 -2.514238 -3.409653 -3.525338 -4.674043 -6.353892 -8.513698 -2.207817 -3.218917 -3.409653 -4.367623 -6.047471 -8.207277 -1.867608 -2.878708 -3.409653 -4.027413 -5.707262 -7.867068 -1.499136 -2.510237 -3.409653 -3.658942 -5.338791 -7.498597 -1.108364 -2.119464 -3.268169 -3.409653 -4.948018 -7.107824 -0.701587 -1.712687 -2.861393 -3.409653 -4.541242 -6.701047 3.233671 3.739221 4.244771 5.393477 7.073326 9.233132 3.210929 3.716479 4.222029 5.370734 7.050583 9.210389 3.137404 3.233752 4.148504 5.297210 6.977059 9.136865 3.014538 3.233752 4.025639 5.174344 6.854193 9.013999 2.844559 3.233752 3.855659 5.004365 6.684214 8.844019 2.630440 3.233752 3.641540 4.790246 6.470095 8.629901 2.375853 3.233752 3.386953 4.535659 6.215508 8.375314 2.085103 3.096203 3.233752 4.244908 5.924757 8.084563 1.763055 2.774156 3.233752 3.922861 5.602710 7.762516 1.415059 2.426159 3.233752 3.574865 5.254714 7.414520 1.046855 2.057956 3.233752 3.206661 4.886510 7.046316 0.664483 1.675583 2.824289 3.233752 4.504138 6.663944 -2.930964 -3.436514 -3.942064 -5.090770 -6.770619 -8.930425 -2.910283 -3.415833 -3.921383 -5.070088 -6.749937 -8.909743 -2.841751 -2.931090 -3.852851 -5.001557 -6.681406 -8.841211 -2.726713 -2.931090 -3.737813 -4.886519 -6.566368 -8.726173 -2.567260 -2.931090 -3.578360 -4.727065 -6.406914 -8.566720 -2.366193 -2.931090 -3.377293 -4.525999 -6.205848 -8.365653 -2.126977 -2.931090 -3.138077 -4.286783 -5.966632 -8.126437 -1.853678 -2.864779 -2.931090 -4.013484 -5.693333 -7.853139 -1.550901 -2.562001 -2.931090 -3.710706 -5.390555 -7.550361 -1.223704 -2.234805 -2.931090 -3.383510 -5.063359 -7.223165 -0.877526 -1.888626 -2.931090 -3.037332 -4.717181 -6.876986 -0.518087 -1.529187 -2.677893 -2.931090 -4.357742 -6.517548
]

Flow:[
 0 39 57 76 95
]

Power:[
 0.000000 0.000000 0.000000 0.000000 0.000000 0.000000 -1.000000 -1.000000 371173.451951 773388.242161 1361580.820206 2117828.420550 -1.000000 -1.000000 -1.000000 1145673.213820 2017003.348540 3137284.950323 -1.000000 -1.000000 -1.000000 -1.000000 2689061.940860 4182617.526963 -1.000000 -1.000000 -1.000000 -1.000000 -1.000000 5025203.524933 0.000000 0.000000 0.000000 0.000000 0.000000 0.000000 -1.000000 -1.000000 433958.951328 836173.741538 1424366.319583 2180613.919927 -1.000000 -1.000000 -1.000000 1238681.693819 2110011.828539 3230293.430322 -1.000000 -1.000000 -1.000000 -1.000000 2813060.527140 4306616.113243 -1.000000 -1.000000 -1.000000 -1.000000 -1.000000 5174181.558149 0.000000 0.000000 0.000000 0.000000 0.000000 0.000000 -1.000000 -1.000000 547060.950512 949275.740722 1537468.318767 2293715.919111 -1.000000 -1.000000 -1.000000 1406227.466860 2277557.601581 3397839.203364 -1.000000 -1.000000 -1.000000 -1.000000 3036431.976654 4529987.562757 -1.000000 -1.000000 -1.000000 -1.000000 -1.000000 5442551.063185 0.000000 0.000000 0.000000 0.000000 0.000000 0.000000 -1.000000 426733.781751 701709.285020 1103924.075231 1692116.653276 2448364.253619 -1.000000 -1.000000 -1.000000 1635318.684892 2506648.819612 3626930.421396 -1.000000 -1.000000 -1.000000 -1.000000 3341855.602173 4835411.188276 -1.000000 -1.000000 -1.000000 -1.000000 -1.000000 5809502.109907 0.000000 0.000000 0.000000 0.000000 0.000000 0.000000 531637.898295 672864.439940 885670.708428 1287885.498638 1876078.076683 2632325.677026 -1.000000 -1.000000 1312004.956365 1907833.398311 2779163.533031 3899445.134814 -1.000000 -1.000000 -1.000000 -1.000000 3705171.282689 5198726.868793 -1.000000 -1.000000 -1.000000 -1.000000 -1.000000 6246007.534231 0.000000 0.000000 0.000000 0.000000 0.000000 0.000000 730061.200488 949877.394561 1084094.010621 1486308.800832 2074501.378877 2830748.979220 -1.000000 1407118.738087 1605943.045837 2201771.487783 3073101.622503 4193383.224286 -1.000000 -1.000000 -1.000000 2935394.189877 4097048.534624 5590604.120727 -1.000000 -1.000000 -1.000000 -1.000000 -1.000000 6716828.242811 0.000000 0.000000 0.000000 0.000000 0.000000 0.000000 926497.565779 1240023.830292 1280530.375912 1682745.166122 2270937.744167 3027185.344511 1372484.589131 1836932.616008 1896937.748969 2492766.190914 3364096.325635 4484377.927418 -1.000000 -1.000000 -1.000000 3323347.329245 4485001.673992 5978557.260095 -1.000000 -1.000000 -1.000000 -1.000000 5388502.791897 7182934.328509 0.000000 0.000000 0.000000 0.000000 0.000000 0.000000 1104028.426444 1458061.236577 1524846.786546 1860276.026788 2448468.604833 3204716.205176 1635473.267525 2159926.427362 2258860.457514 2755754.869308 3627085.004028 4747366.605811 -1.000000 2879606.498958 3011505.008364 3673962.932564 4835617.277311 6329172.863414 -1.000000 -1.000000 -1.000000 -1.000000 5809749.715465 7604181.252077 0.000000 0.000000 0.000000 0.000000 0.000000 0.000000 1246426.466515 1600459.276648 1786367.765503 2002674.066859 2590866.644904 3347114.245247 1846417.281560 2370870.441398 2646269.476826 2966698.883344 3838029.018064 4958310.619847 -1.000000 3160836.334400 3527997.383119 3955192.768006 5116847.112753 6610402.698856 -1.000000 -1.000000 -1.000000 -1.000000 6147633.146419 7942064.683031 0.000000 0.000000 0.000000 0.000000 0.000000 0.000000 1339273.685254 1693306.495387 2008233.742891 2095521.285598 2683713.863643 3439961.463986 1983958.254758 2508411.414596 2974934.813967 3104239.856542 3975569.991262 5095851.593045 -1.000000 3344205.487755 3966172.882443 4138561.921361 5300216.266108 6793771.852211 -1.000000 -1.000000 -1.000000 -1.000000 6367941.914759 8162373.451371 0.000000 0.000000 0.000000 0.000000 0.000000 0.000000 1370963.617127 1724996.427260 2127211.217470 2176751.198018 2715403.795515 3471651.395858 2030902.731174 2555355.891011 3151184.332957 3224571.314595 4022514.467677 5142796.069460 2707592.550077 3406791.702574 4201148.136180 4298987.408197 5362802.480927 6856358.067030 -1.000000 -1.000000 5047467.115174 5165016.054671 6443136.088094 8237567.624706 0.000000 0.000000 0.000000 0.000000 0.000000 0.000000 1333522.682887 1687555.493020 2089770.283231 2281741.612930 2677962.861276 3434210.461619 1975438.899271 2499892.059109 3095720.501055 3380100.839762 3967050.635775 5087332.237558 -1.000000 3332847.512263 4127203.945869 4506338.837290 5288858.290616 6782413.876719 -1.000000 -1.000000 -1.000000 5414138.314993 6354295.881357 8148727.417969 0.000000 0.000000 0.000000 0.000000 0.000000 0.000000 -1.000000 -1.000000 370886.608596 773101.398806 1361293.976851 2117541.577195 -1.000000 -1.000000 -1.000000 1145248.293022 2016578.427743 3136860.029526 -1.000000 -1.000000 -1.000000 -1.000000 2688495.437911 4182051.024014 -1.000000 -1.000000 -1.000000 -1.000000 -1.000000 5024522.900277 0.000000 0.000000 0.000000 0.000000 0.000000 0.000000 -1.000000 -1.000000 431046.468024 833261.258234 1421453.836279 2177701.436623 -1.000000 -1.000000 -1.000000 1234367.231915 2105697.366636 3225978.968419 -1.000000 -1.000000 -1.000000 -1.000000 2807308.501340 4300864.087444 -1.000000 -1.000000 -1.000000 -1.000000 -1.000000 5167270.789919 0.000000 0.000000 0.000000 0.000000 0.000000 0.000000 -1.000000 -1.000000 538629.136315 940843.926525 1529036.504570 2285284.104914 -1.000000 -1.000000 -1.000000 1393736.840364 2265066.975085 3385348.576868 -1.000000 -1.000000 -1.000000 -1.000000 3019779.516284 4513335.102388 -1.000000 -1.000000 -1.000000 -1.000000 -1.000000 5422543.973842 0.000000 0.000000 0.000000 0.000000 0.000000 0.000000 -1.000000 407674.311228 684950.316154 1087165.106364 1675357.684409 2431605.284753 -1.000000 -1.000000 -1.000000 1610492.471259 2481822.605979 3602104.207762 -1.000000 -1.000000 -1.000000 -1.000000 3308757.379373 4802312.965477 -1.000000 -1.000000 -1.000000 -1.000000 -1.000000 5769736.268347 0.000000 0.000000 0.000000 0.000000 0.000000 0.000000 504071.580441 640346.032556 858104.390574 1260319.180785 1848511.758830 2604759.359173 -1.000000 -1.000000 1271169.073109 1866997.515055 2738327.649775 3858609.251559 -1.000000 -1.000000 -1.000000 -1.000000 3650729.023303 5144284.609406 -1.000000 -1.000000 -1.000000 -1.000000 -1.000000 6180597.911666 0.000000 0.000000 0.000000 0.000000 0.000000 0.000000 689760.390978 901007.645394 1043793.201111 1446007.991321 2034200.569366 2790448.169710 -1.000000 1334724.616306 1546242.683930 2142071.125876 3013401.260596 4133682.862380 -1.000000 -1.000000 -1.000000 2855801.872306 4017456.217053 5511011.803156 -1.000000 -1.000000 -1.000000 -1.000000 -1.000000 6621202.096686 0.000000 0.000000 0.000000 0.000000 0.000000 0.000000 872281.140756 1172671.050276 1226313.950889 1628528.741099 2216721.319144 2972968.919488 1292170.068543 1737158.308960 1816623.228380 2412451.670326 3283781.805046 4404063.406829 -1.000000 -1.000000 -1.000000 3216272.286078 4377926.630825 5871482.216928 -1.000000 -1.000000 -1.000000 -1.000000 5259857.540236 7054289.076848 0.000000 0.000000 0.000000 0.000000 0.000000 0.000000 1035607.830319 1389640.640452 1437802.926987 1791855.430662 2380048.008707 3136295.609051 1534117.131006 2058570.290843 2129916.399553 2654398.732789 3525728.867509 4646010.469293 -1.000000 2744478.845659 2839597.232893 3538835.279265 4700489.624012 6194045.210115 -1.000000 -1.000000 -1.000000 -1.000000 5647400.670806 7441832.207418 0.000000 0.000000 0.000000 0.000000 0.000000 0.000000 1164494.982615 1518527.792748 1679453.695551 1920742.582958 2508935.161003 3265182.761347 1725046.537403 2249499.697241 2487890.309097 2845328.139187 3716658.273907 4836939.875690 -1.000000 2999025.274898 3316846.820343 3793381.708504 4955036.053251 6448591.639354 -1.000000 -1.000000 -1.000000 -1.000000 5953225.338069 7747656.874681 0.000000 0.000000 0.000000 0.000000 0.000000 0.000000 1245531.405911 1599564.216044 1882339.585921 2001779.006254 2589971.584299 3346219.184643 1845091.366705 2369544.526542 2788439.137471 2965372.968488 3836703.103209 4956984.704992 -1.000000 3159068.629266 3717537.486690 3953425.062872 5115079.407619 6608634.993722 -1.000000 -1.000000 -1.000000 -1.000000 6145509.338059 7939940.874671 0.000000 0.000000 0.000000 0.000000 0.000000 0.000000 1268075.407464 1622108.217597 2033808.759639 2024323.007807 2612515.585852 3368763.186196 1878487.347279 2402940.507117 3012820.845891 2998768.949063 3870099.083783 4990380.685566 -1.000000 3203592.035935 4016682.410159 3997948.469542 5159602.814288 6653158.400392 -1.000000 -1.000000 -1.000000 -1.000000 6199001.960488 7993433.497100 0.000000 0.000000 0.000000 0.000000 0.000000 0.000000 1225010.933380 1579043.743514 1981258.533724 2124630.449128 2569451.111769 3325698.712112 1814692.978895 2339146.138732 2934974.580678 3147361.263250 3806304.715398 4926586.317182 -1.000000 3118541.602981 3912898.036587 4196051.232769 5074552.381334 6568107.967437 -1.000000 -1.000000 -1.000000 5041343.443377 6096818.164641 7891249.701253 0.000000 0.000000 0.000000 0.000000 0.000000 0.000000 -1.000000 -1.000000 369651.616361 771866.406571 1360058.984616 2116306.584959 -1.000000 -1.000000 -1.000000 1143418.814054 2014748.948774 3135030.550558 -1.000000 -1.000000 -1.000000 -1.000000 2686056.382830 4179611.968934 -1.000000 -1.000000 -1.000000 -1.000000 -1.000000 5021592.498893 0.000000 0.000000 0.000000 0.000000 0.000000 0.000000 -1.000000 -1.000000 426084.946636 828299.736846 1416492.314891 2172739.915235 -1.000000 -1.000000 -1.000000 1227017.388920 2098347.523641 3218629.125424 -1.000000 -1.000000 -1.000000 -1.000000 2797509.715888 4291065.301991 -1.000000 -1.000000 -1.000000 -1.000000 -1.000000 5155498.044532 0.000000 0.000000 0.000000 0.000000 0.000000 0.000000 -1.000000 -1.000000 527226.548829 929441.339039 1517633.917084 2273881.517427 -1.000000 -1.000000 -1.000000 1376845.402999 2248175.537720 3368457.139503 -1.000000 -1.000000 -1.000000 -1.000000 2997259.909970 4490815.496073 -1.000000 -1.000000 -1.000000 -1.000000 -1.000000 5395487.805234 0.000000 0.000000 0.000000 0.000000 0.000000 0.000000 -1.000000 382412.412157 664883.506867 1067098.297078 1655290.875123 2411538.475466 -1.000000 -1.000000 -1.000000 1580766.126025 2452096.260745 3572377.862528 -1.000000 -1.000000 -1.000000 -1.000000 3269126.317944 4762681.904047 -1.000000 -1.000000 -1.000000 -1.000000 -1.000000 5722121.551413 0.000000 0.000000 0.000000 0.000000 0.000000 0.000000 473763.951475 601157.598785 827796.761608 1230011.551818 1818204.129863 2574451.730206 -1.000000 -1.000000 1226272.297094 1822100.739039 2693430.873760 3813712.475543 -1.000000 -1.000000 -1.000000 -1.000000 3590872.795628 5084428.381731 -1.000000 -1.000000 -1.000000 -1.000000 -1.000000 6108683.679881 0.000000 0.000000 0.000000 0.000000 0.000000 0.000000 648393.219114 846189.579893 1002426.029247 1404640.819457 1992833.397502 2749080.997846 -1.000000 1253518.844283 1484962.646101 2080791.088047 2952121.222767 4072402.824550 -1.000000 -1.000000 -1.000000 2774103.536217 3935757.880964 5429313.467067 -1.000000 -1.000000 -1.000000 -1.000000 -1.000000 6523045.675774 0.000000 0.000000 0.000000 0.000000 0.000000 0.000000 819853.564577 1101410.545184 1173886.374710 1576101.164921 2164293.742966 2920541.343309 1214505.492824 1631595.219898 1738958.652662 2334787.094607 3206117.229328 4326398.831111 -1.000000 -1.000000 -1.000000 3112730.140316 4274384.485063 5767940.071166 -1.000000 -1.000000 -1.000000 -1.000000 5135456.886218 6929888.422830 0.000000 0.000000 0.000000 0.000000 0.000000 0.000000 972941.460177 1326974.270310 1350192.794560 1729189.060521 2317381.638566 3073629.238909 1441285.125339 1965738.285177 2000133.482630 2561566.727123 3432896.861843 4553178.463626 -1.000000 -1.000000 2666571.093535 3415071.967959 4576726.312706 6070281.898809 -1.000000 -1.000000 -1.000000 -1.000000 5498705.308578 7293136.845190 0.000000 0.000000 0.000000 0.000000 0.000000 0.000000 1093182.785638 1447215.595771 1576450.629344 1849430.385982 2437622.964027 3193870.564370 1619406.873596 2143860.033434 2335304.780302 2739688.475379 3611018.610100 4731300.211883 -1.000000 2858186.837721 3113420.317107 3652543.271327 4814197.616074 6307753.202177 -1.000000 -1.000000 -1.000000 -1.000000 5784015.075264 7578446.611876 0.000000 0.000000 0.000000 0.000000 0.000000 0.000000 1167834.248185 1521867.058318 1765668.587318 1924081.848528 2512274.426573 3268522.026917 1729993.221240 2254446.381078 2615606.360034 2850274.823024 3721604.957744 4841886.559527 -1.000000 3005620.176810 3487117.421063 3799976.610416 4961630.955163 6455186.541266 -1.000000 -1.000000 -1.000000 -1.000000 5961148.779340 7755580.315952 0.000000 0.000000 0.000000 0.000000 0.000000 0.000000 1186773.146075 1540805.956208 1905820.499940 1943020.746418 2531213.324463 3287460.924807 1758048.713721 2282501.873558 2823223.030941 2878330.315504 3749660.450224 4869942.052007 -1.000000 3043023.663084 3763911.254068 3837380.096690 4999034.441437 6492590.027540 -1.000000 -1.000000 -1.000000 -1.000000 6006087.177330 7800518.713942 0.000000 0.000000 0.000000 0.000000 0.000000 0.000000 1143218.006903 1497250.817036 1899465.607246 1988121.420012 2487658.185291 3243905.785635 1693527.489381 2217980.649219 2813809.091165 2945141.046318 3685139.225885 4805420.827668 -1.000000 2957004.188265 3751360.621871 3926451.933682 4913014.966618 6406570.552721 -1.000000 -1.000000 -1.000000 -1.000000 5902739.126669 7697170.663281
]