 Cycle Period  BidPrice Bid Volumes
   191      1         1        0.00
   191      1         2        0.00
   191      1         3        0.00
   191      1         4        0.00
   191      2         1        0.00
   191      2         2        0.00
   191      2         3        0.00
   191      2         4        0.00
   191      3         1        0.00
   191      3         2        0.00
   191      3         3        0.00
   191      3         4        0.00
   191      4         1        0.00
   191      4         2        0.00
   191      4         3        0.00
   191      4         4        0.00
   191      5         1        0.00
   191      5         2        0.00
   191      5         3        0.00
   191      5         4        0.00
   191      6         1        0.00
   191      6         2        0.00
   191      6         3        0.00
   191      6         4        0.00
   191      7         1        0.00
   191      7         2        0.00
   191      7         3        0.00
   191      7         4        0.00
   191      8         1        0.00
   191      8         2        0.00
   191      8         3        0.00
   191      8         4        0.00
   191      9         1        0.00
   191      9         2        0.00
   191      9         3        0.00
   191      9         4        0.00
   191     10         1        0.00
   191     10         2        0.00
   191     10         3        0.00
   191     10         4        0.00
   191     11         1        0.00
   191     11         2        0.00
   191     11         3        0.00
   191     11         4        0.00
   191     12         1        0.00
   191     12         2        0.00
   191     12         3        0.00
   191     12         4        0.00
   194      1         1        0.00
   194      1         2        0.00
   194      1         3        0.00
   194      1         4        0.00
   194      2         1        0.00
   194      2         2        0.00
   194      2         3        0.00
   194      2         4        0.00
   194      3         1        0.00
   194      3         2        0.00
   194      3         3        0.00
   194      3         4        0.00
   194      4         1        0.00
   194      4         2        0.00
   194      4         3        0.00
   194      4         4        0.00
   194      5         1        0.00
   194      5         2        0.00
   194      5         3        0.00
   194      5         4        0.00
   194      6         1        0.00
   194      6         2        0.00
   194      6         3        0.00
   194      6         4        0.00
   194      7         1        0.00
   194      7         2        0.00
   194      7         3        0.00
   194      7         4        0.00
   194      8         1        0.00
   194      8         2        0.00
   194      8         3        0.00
   194      8         4        0.00
   194      9         1        0.00
   194      9         2        0.00
   194      9         3        0.00
   194      9         4        0.00
   194     10         1        0.00
   194     10         2        0.00
   194     10         3        0.00
   194     10         4        0.00
   194     11         1        0.00
   194     11         2        0.00
   194     11         3        0.00
   194     11         4        0.00
   194     12         1        0.00
   194     12         2        0.00
   194     12         3        0.00
   194     12         4        0.00
   197      1         1        0.00
   197      1         2        0.00
   197      1         3        0.00
   197      1         4        0.00
   197      2         1        0.00
   197      2         2        0.00
   197      2         3        0.00
   197      2         4        0.00
   197      3         1        0.00
   197      3         2        0.00
   197      3         3        0.00
   197      3         4        0.00
   197      4         1        0.00
   197      4         2        0.00
   197      4         3        0.00
   197      4         4        0.00
   197      5         1        0.00
   197      5         2        0.00
   197      5         3        0.00
   197      5         4        0.00
   197      6         1        0.00
   197      6         2        0.00
   197      6         3        0.00
   197      6         4        0.00
   197      7         1        0.00
   197      7         2        0.00
   197      7         3        0.00
   197      7         4        0.00
   197      8         1        0.00
   197      8         2        0.00
   197      8         3        0.00
   197      8         4        0.00
   197      9         1        0.00
   197      9         2        0.00
   197      9         3        0.00
   197      9         4        0.00
   197     10         1        0.00
   197     10         2        0.00
   197     10         3        0.00
   197     10         4        0.00
   197     11         1        0.00
   197     11         2        0.00
   197     11         3        0.00
   197     11         4        0.00
   197     12         1        0.00
   197     12         2        0.00
   197     12         3        0.00
   197     12         4        0.00
   200      1         1        0.00
   200      1         2        0.00
   200      1         3        0.00
   200      1         4        0.00
   200      2         1        0.00
   200      2         2        0.00
   200      2         3        0.00
   200      2         4        0.00
   200      3         1        0.00
   200      3         2        0.00
   200      3         3        0.00
   200      3         4        0.00
   200      4         1        0.00
   200      4         2        0.00
   200      4         3        0.00
   200      4         4        0.00
   200      5         1        0.00
   200      5         2        0.00
   200      5         3        0.00
   200      5         4        0.00
   200      6         1        0.00
   200      6         2        0.00
   200      6         3        0.00
   200      6         4        0.00
   200      7         1        0.00
   200      7         2        0.00
   200      7         3        0.00
   200      7         4        0.00
   200      8         1        0.00
   200      8         2        0.00
   200      8         3        0.00
   200      8         4        0.00
   200      9         1       48.26
   200      9         2       48.26
   200      9         3       48.26
   200      9         4       33.11
   200     10         1       45.93
   200     10         2       45.93
   200     10         3       45.93
   200     10         4       48.64
   200     11         1       42.22
   200     11         2       25.07
   200     11         3       31.23
   200     11         4       44.26
   203      1         1        0.00
   203      1         2        0.00
   203      1         3        0.00
   203      1         4        0.00
   203      2         1        0.00
   203      2         2        0.00
   203      2         3        0.00
   203      2         4        0.00
   203      3         1        0.00
   203      3         2        0.00
   203      3         3        0.00
   203      3         4        0.00
   203      4         1        0.00
   203      4         2        0.00
   203      4         3        0.00
   203      4         4        0.00
   203      5         1        0.00
   203      5         2        0.00
   203      5         3        0.00
   203      5         4       -0.00
   203      6         1        0.00
   203      6         2        0.00
   203      6         3        0.00
   203      6         4        0.00
   203      7         1        0.00
   203      7         2        0.00
   203      7         3        0.00
   203      7         4        0.00
   203      8         1        0.00
   203      8         2        0.00
   203      8         3        0.00
   203      8         4        0.00
   203      9         1        0.00
   203      9         2        0.00
   203      9         3        0.00
   203      9         4        0.00
   203     10         1        0.00
   203     10         2        0.00
   203     10         3        0.00
   203     10         4        0.00
   203     11         1       70.47
   203     11         2        0.00
   203     11         3        0.00
   203     11         4        0.00
   206      1         1        0.00
   206      1         2        0.00
   206      1         3        0.00
   206      1         4        0.00
   206      2         1        0.00
   206      2         2        0.00
   206      2         3        0.00
   206      2         4        0.00
   206      3         1        0.00
   206      3         2        0.00
   206      3         3        0.00
   206      3         4        0.00
   206      4         1        0.00
   206      4         2        0.00
   206      4         3        0.00
   206      4         4        0.00
   206      5         1        0.00
   206      5         2        0.00
   206      5         3        0.00
   206      5         4        0.00
   206      6         1        0.00
   206      6         2        0.00
   206      6         3        0.00
   206      6         4        0.00
   206      7         1        0.00
   206      7         2        0.00
   206      7         3        0.00
   206      7         4        0.00
   206      8         1        0.00
   206      8         2        0.00
   206      8         3        0.00
   206      8         4        0.00
   206      9         1       63.88
   206      9         2       63.88
   206      9         3       63.88
   206      9         4       63.88
   206     10         1       63.68
   206     10         2       63.68
   206     10         3       63.68
   206     10         4       63.68
   206     11         1       87.43
   206     11         2       87.43
   206     11         3       87.43
   206     11         4       87.43
   209      1         1        0.00
   209      1         2        0.00
   209      1         3        0.00
   209      1         4        0.00
   209      2         1        0.00
   209      2         2        0.00
   209      2         3        0.00
   209      2         4        0.00
   209      3         1        0.00
   209      3         2        0.00
   209      3         3        0.00
   209      3         4        0.00
   209      4         1        0.00
   209      4         2        0.00
   209      4         3        0.00
   209      4         4       -0.00
   209      5         1        0.00
   209      5         2        0.00
   209      5         3        0.00
   209      5         4        0.00
   209      6         1        0.00
   209      6         2        0.00
   209      6         3        0.00
   209      6         4        0.00
   209      7         1        0.00
   209      7         2        0.00
   209      7         3        0.00
   209      7         4        0.00
   209      8         1        0.00
   209      8         2        0.00
   209      8         3        0.00
   209      8         4        0.00
   209      9         1       70.81
   209      9         2       70.81
   209      9         3       70.81
   209      9         4       70.81
   209     10         1      106.11
   209     10         2      106.11
   209     10         3      106.11
   209     10         4      106.11
   209     11         1       95.05
   209     11         2       95.05
   209     11         3       95.05
   209     11         4       95.05
   212      1         1        0.00
   212      1         2        0.00
   212      1         3        0.00
   212      1         4        0.00
   212      2         1        0.00
   212      2         2        0.00
   212      2         3        0.00
   212      2         4        0.00
   212      3         1        0.00
   212      3         2        0.00
   212      3         3        0.00
   212      3         4        0.00
   212      4         1        0.00
   212      4         2        0.00
   212      4         3        0.00
   212      4         4        0.00
   212      5         1        0.00
   212      5         2        0.00
   212      5         3        0.00
   212      5         4        0.00
   212      6         1        0.00
   212      6         2        0.00
   212      6         3        0.00
   212      6         4        0.00
   212      7         1        0.00
   212      7         2        0.00
   212      7         3        0.00
   212      7         4        0.00
   212      8         1       61.95
   212      8         2       61.95
   212      8         3       61.93
   212      8         4       61.93
   212      9         1       64.75
   212      9         2       64.75
   212      9         3       61.39
   212      9         4       62.51
   212     10         1       95.74
   212     10         2       95.74
   212     10         3       97.13
   212     10         4       96.88
   212     11         1       86.54
   212     11         2       86.40
   212     11         3       87.76
   212     11         4       86.84
   215      1         1        0.00
   215      1         2        0.00
   215      1         3        0.00
   215      1         4        0.00
   215      2         1        0.00
   215      2         2        0.00
   215      2         3        0.00
   215      2         4        0.00
   215      3         1        0.00
   215      3         2        0.00
   215      3         3        0.00
   215      3         4        0.00
   215      4         1        0.00
   215      4         2        0.00
   215      4         3        0.00
   215      4         4        0.00
   215      5         1        0.00
   215      5         2        0.00
   215      5         3        0.00
   215      5         4        0.00
   215      6         1        0.00
   215      6         2        0.00
   215      6         3        0.00
   215      6         4        0.00
   215      7         1        0.00
   215      7         2        0.00
   215      7         3        0.00
   215      7         4        0.00
   215      8         1       63.85
   215      8         2       63.85
   215      8         3       63.85
   215      8         4       63.85
   215      9         1       62.66
   215      9         2       62.66
   215      9         3       62.66
   215      9         4       62.66
   215     10         1      102.35
   215     10         2      102.35
   215     10         3      102.35
   215     10         4      102.35
   215     11         1       92.60
   215     11         2       92.60
   215     11         3       92.60
   215     11         4       92.60
   218      1         1        0.00
   218      1         2        0.00
   218      1         3        0.00
   218      1         4        0.00
   218      2         1        0.00
   218      2         2        0.00
   218      2         3        0.00
   218      2         4        0.00
   218      3         1        0.00
   218      3         2        0.00
   218      3         3        0.00
   218      3         4        0.00
   218      4         1        0.00
   218      4         2        0.00
   218      4         3        0.00
   218      4         4        0.00
   218      5         1        0.00
   218      5         2        0.00
   218      5         3        0.00
   218      5         4        0.00
   218      6         1        0.00
   218      6         2        0.00
   218      6         3        0.00
   218      6         4        0.00
   218      7         1        0.00
   218      7         2        0.00
   218      7         3        0.00
   218      7         4        0.00
   218      8         1       64.77
   218      8         2       64.77
   218      8         3       64.77
   218      8         4       50.20
   218      9         1       68.02
   218      9         2       63.28
   218      9         3       63.69
   218      9         4       69.97
   218     10         1       83.17
   218     10         2      104.76
   218     10         3      104.68
   218     10         4       88.90
   218     11         1       95.52
   218     11         2       95.68
   218     11         3       92.99
   218     11         4      100.66
   621      1         1        0.00
   621      1         2        0.00
   621      1         3        0.00
   621      1         4        0.00
   621      2         1        0.00
   621      2         2        0.00
   621      2         3        0.00
   621      2         4        0.00
   621      3         1        0.00
   621      3         2        0.00
   621      3         3        0.00
   621      3         4        0.00
   621      4         1        0.00
   621      4         2        0.00
   621      4         3        0.00
   621      4         4        0.00
   621      5         1        0.00
   621      5         2        0.00
   621      5         3        0.00
   621      5         4        0.00
   621      6         1        0.00
   621      6         2        0.00
   621      6         3        0.00
   621      6         4        0.00
   621      7         1        0.00
   621      7         2        0.00
   621      7         3        0.00
   621      7         4        0.00
   621      8         1       63.19
   621      8         2       63.19
   621      8         3       63.19
   621      8         4       63.19
   621      9         1       61.66
   621      9         2       61.93
   621      9         3       61.76
   621      9         4       66.09
   621     10         1      100.57
   621     10         2      100.47
   621     10         3      100.46
   621     10         4       97.90
   621     11         1       90.89
   621     11         2       90.81
   621     11         3       90.79
   621     11         4       88.54
   624      1         1        0.00
   624      1         2        0.00
   624      1         3        0.00
   624      1         4        0.00
   624      2         1        0.00
   624      2         2        0.00
   624      2         3        0.00
   624      2         4        0.00
   624      3         1        0.00
   624      3         2        0.00
   624      3         3        0.00
   624      3         4        0.00
   624      4         1        0.00
   624      4         2        0.00
   624      4         3        0.00
   624      4         4        0.00
   624      5         1        0.00
   624      5         2        0.00
   624      5         3        0.00
   624      5         4        0.00
   624      6         1        0.00
   624      6         2        0.00
   624      6         3        0.00
   624      6         4        0.00
   624      7         1        0.00
   624      7         2        0.00
   624      7         3        0.00
   624      7         4        0.00
   624      8         1       59.06
   624      8         2       59.06
   624      8         3       59.06
   624      8         4       59.06
   624      9         1       61.13
   624      9         2       61.13
   624      9         3       61.13
   624      9         4       61.13
   624     10         1       87.73
   624     10         2       87.73
   624     10         3       87.73
   624     10         4       87.73
   624     11         1       78.45
   624     11         2       78.45
   624     11         3       78.45
   624     11         4       78.45
   627      1         1        0.00
   627      1         2        0.00
   627      1         3        0.00
   627      1         4        0.00
   627      2         1        0.00
   627      2         2        0.00
   627      2         3        0.00
   627      2         4        0.00
   627      3         1        0.00
   627      3         2        0.00
   627      3         3        0.00
   627      3         4        0.00
   627      4         1        0.00
   627      4         2        0.00
   627      4         3        0.00
   627      4         4        0.00
   627      5         1        0.00
   627      5         2        0.00
   627      5         3        0.00
   627      5         4        0.00
   627      6         1        0.00
   627      6         2        0.00
   627      6         3        0.00
   627      6         4        0.00
   627      7         1        0.00
   627      7         2        0.00
   627      7         3        0.00
   627      7         4        0.00
   627      8         1        0.00
   627      8         2        0.00
   627      8         3        0.00
   627      8         4        0.00
   627      9         1       63.77
   627      9         2       63.77
   627      9         3       63.77
   627      9         4       63.77
   627     10         1       58.69
   627     10         2       58.69
   627     10         3       58.69
   627     10         4       58.69
   627     11         1       88.64
   627     11         2       88.64
   627     11         3       88.64
   627     11         4       88.64
   630      1         1        0.00
   630      1         2        0.00
   630      1         3        0.00
   630      1         4        0.00
   630      2         1        0.00
   630      2         2        0.00
   630      2         3        0.00
   630      2         4        0.00
   630      3         1        0.00
   630      3         2        0.00
   630      3         3        0.00
   630      3         4        0.00
   630      4         1        0.00
   630      4         2        0.00
   630      4         3        0.00
   630      4         4        0.00
   630      5         1        0.00
   630      5         2        0.00
   630      5         3        0.00
   630      5         4        0.00
   630      6         1        0.00
   630      6         2        0.00
   630      6         3        0.00
   630      6         4        0.00
   630      7         1        0.00
   630      7         2        0.00
   630      7         3        0.00
   630      7         4        0.00
   630      8         1       47.74
   630      8         2       47.74
   630      8         3       47.74
   630      8         4       47.74
   630      9         1       47.52
   630      9         2       47.52
   630      9         3       47.52
   630      9         4       47.52
   630     10         1       46.15
   630     10         2       46.15
   630     10         3       46.15
   630     10         4       46.15
   630     11         1       43.11
   630     11         2       43.11
   630     11         3       43.11
   630     11         4       43.11
   633      1         1        0.00
   633      1         2        0.00
   633      1         3        0.00
   633      1         4        0.00
   633      2         1        0.00
   633      2         2        0.00
   633      2         3        0.00
   633      2         4        0.00
   633      3         1        0.00
   633      3         2        0.00
   633      3         3        0.00
   633      3         4        0.00
   633      4         1        0.00
   633      4         2        0.00
   633      4         3        0.00
   633      4         4        0.00
   633      5         1        0.00
   633      5         2        0.00
   633      5         3        0.00
   633      5         4        0.00
   633      6         1        0.00
   633      6         2        0.00
   633      6         3        0.00
   633      6         4        0.00
   633      7         1       22.63
   633      7         2       22.63
   633      7         3       22.63
   633      7         4       22.63
   633      8         1        9.15
   633      8         2       35.90
   633      8         3       13.68
   633      8         4       10.40
   633      9         1       26.25
   633      9         2       32.65
   633      9         3       39.00
   633      9         4       26.03
   633     10         1       40.95
   633     10         2       10.53
   633     10         3       21.01
   633     10         4       40.97
   633     11         1       37.22
   633     11         2       13.78
   633     11         3       23.66
   633     11         4       37.23
   636      1         1        0.00
   636      1         2        0.00
   636      1         3        0.00
   636      1         4        0.00
   636      2         1        0.00
   636      2         2        0.00
   636      2         3        0.00
   636      2         4        0.00
   636      3         1        0.00
   636      3         2        0.00
   636      3         3        0.00
   636      3         4        0.00
   636      4         1        0.00
   636      4         2        0.00
   636      4         3        0.00
   636      4         4        0.00
   636      5         1        0.00
   636      5         2        0.00
   636      5         3        0.00
   636      5         4        0.00
   636      6         1        0.00
   636      6         2        0.00
   636      6         3        0.00
   636      6         4        0.00
   636      7         1        0.00
   636      7         2        0.00
   636      7         3        0.00
   636      7         4        0.00
   636      8         1        0.00
   636      8         2        0.00
   636      8         3        0.00
   636      8         4        0.00
   636      9         1        0.00
   636      9         2        0.00
   636      9         3        0.00
   636      9         4        0.00
   636     10         1        0.00
   636     10         2        0.00
   636     10         3        0.00
   636     10         4        0.00
   636     11         1        0.00
   636     11         2        0.00
   636     11         3        0.00
   636     11         4        0.00
   639      1         1        0.00
   639      1         2        0.00
   639      1         3        0.00
   639      1         4        0.00
   639      2         1        0.00
   639      2         2        0.00
   639      2         3        0.00
   639      2         4        0.00
   639      3         1        0.00
   639      3         2        0.00
   639      3         3        0.00
   639      3         4        0.00
   639      4         1        0.00
   639      4         2        0.00
   639      4         3        0.00
   639      4         4        0.00
   639      5         1        0.00
   639      5         2        0.00
   639      5         3        0.00
   639      5         4        0.00
   639      6         1        0.00
   639      6         2        0.00
   639      6         3        0.00
   639      6         4        0.00
   639      7         1        0.00
   639      7         2        0.00
   639      7         3        0.00
   639      7         4        0.00
   639      8         1        0.00
   639      8         2        0.00
   639      8         3        0.00
   639      8         4        0.00
   639      9         1       24.55
   639      9         2       12.62
   639      9         3       18.56
   639      9         4       29.90
   639     10         1       17.60
   639     10         2       31.36
   639     10         3       23.69
   639     10         4       12.49
   639     11         1       31.68
   639     11         2       31.78
   639     11         3       31.68
   639     11         4       31.73
   642      1         1        0.00
   642      1         2        0.00
   642      1         3        0.00
   642      1         4        0.00
   642      2         1        0.00
   642      2         2        0.00
   642      2         3        0.00
   642      2         4        0.00
   642      3         1        0.00
   642      3         2        0.00
   642      3         3        0.00
   642      3         4        0.00
   642      4         1        0.00
   642      4         2        0.00
   642      4         3        0.00
   642      4         4        0.00
   642      5         1        0.00
   642      5         2        0.00
   642      5         3        0.00
   642      5         4        0.00
   642      6         1        0.00
   642      6         2        0.00
   642      6         3        0.00
   642      6         4        0.00
   642      7         1        0.00
   642      7         2        0.00
   642      7         3        0.00
   642      7         4        0.00
   642      8         1        0.00
   642      8         2        0.00
   642      8         3        0.00
   642      8         4        0.00
   642      9         1        0.00
   642      9         2        0.00
   642      9         3        0.00
   642      9         4        0.00
   642     10         1        0.00
   642     10         2        0.00
   642     10         3        0.00
   642     10         4        0.00
   642     11         1        0.00
   642     11         2        0.00
   642     11         3        0.00
   642     11         4        0.00
   642     12         1        0.00
   642     12         2        0.00
   642     12         3        0.00
   642     12         4        0.00
   645      1         1        0.00
   645      1         2        0.00
   645      1         3        0.00
   645      1         4        0.00
   645      2         1        0.00
   645      2         2        0.00
   645      2         3        0.00
   645      2         4        0.00
   645      3         1        0.00
   645      3         2        0.00
   645      3         3        0.00
   645      3         4        0.00
   645      4         1        0.00
   645      4         2        0.00
   645      4         3        0.00
   645      4         4        0.00
   645      5         1        0.00
   645      5         2        0.00
   645      5         3        0.00
   645      5         4        0.00
   645      6         1        0.00
   645      6         2        0.00
   645      6         3        0.00
   645      6         4        0.00
   645      7         1        6.96
   645      7         2        6.96
   645      7         3        6.96
   645      7         4        6.96
   645      8         1        3.64
   645      8         2        3.64
   645      8         3        3.64
   645      8         4        3.64
   645      9         1        8.32
   645      9         2        8.32
   645      9         3        8.32
   645      9         4        8.32
   645     10         1        4.20
   645     10         2       21.12
   645     10         3       21.12
   645     10         4       21.12
   645     11         1        9.09
   645     11         2        6.80
   645     11         3        8.20
   645     11         4       16.52
   645     12         1       14.04
   645     12         2       10.70
   645     12         3        7.70
   645     12         4        9.11
   648      1         1        0.00
   648      1         2        0.00
   648      1         3        0.00
   648      1         4        0.00
   648      2         1        0.00
   648      2         2        0.00
   648      2         3        0.00
   648      2         4        0.00
   648      3         1        0.00
   648      3         2        0.00
   648      3         3        0.00
   648      3         4        0.00
   648      4         1        0.00
   648      4         2        0.00
   648      4         3        0.00
   648      4         4        0.00
   648      5         1        0.00
   648      5         2        0.00
   648      5         3        0.00
   648      5         4        0.00
   648      6         1        0.00
   648      6         2        0.00
   648      6         3        0.00
   648      6         4        0.00
   648      7         1        0.00
   648      7         2        0.00
   648      7         3        0.00
   648      7         4        0.00
   648      8         1        0.00
   648      8         2        0.00
   648      8         3        0.00
   648      8         4        0.00
   648      9         1        0.00
   648      9         2        0.00
   648      9         3        0.00
   648      9         4        0.00
   648     10         1       18.26
   648     10         2       18.26
   648     10         3       18.26
   648     10         4       18.26
   648     11         1       31.70
   648     11         2       19.96
   648     11         3       31.70
   648     11         4       31.70
   648     12         1       23.63
   648     12         2       23.63
   648     12         3       25.03
   648     12         4       16.39
  1102      1         1        0.00
  1102      1         2        0.00
  1102      1         3        0.00
  1102      1         4        0.00
  1102      2         1        0.00
  1102      2         2        0.00
  1102      2         3        0.00
  1102      2         4        0.00
  1102      3         1        0.00
  1102      3         2        0.00
  1102      3         3        0.00
  1102      3         4        0.00
  1102      4         1        0.00
  1102      4         2        0.00
  1102      4         3        0.00
  1102      4         4        0.00
  1102      5         1        0.00
  1102      5         2        0.00
  1102      5         3        0.00
  1102      5         4        0.00
  1102      6         1        0.00
  1102      6         2        0.00
  1102      6         3        0.00
  1102      6         4        0.00
  1102      7         1        0.00
  1102      7         2        0.00
  1102      7         3        0.00
  1102      7         4        0.00
  1102      8         1        0.00
  1102      8         2        0.00
  1102      8         3        0.00
  1102      8         4        0.00
  1102      9         1        0.00
  1102      9         2        0.00
  1102      9         3        0.00
  1102      9         4        0.00
  1102     10         1       32.69
  1102     10         2       32.69
  1102     10         3       32.69
  1102     10         4       32.69
  1102     11         1       25.90
  1102     11         2       25.90
  1102     11         3       16.38
  1102     11         4       25.91
  1102     12         1       19.08
  1102     12         2       19.08
  1102     12         3       20.56
  1102     12         4       19.07
  1105      1         1        0.00
  1105      1         2        0.00
  1105      1         3        0.00
  1105      1         4        0.00
  1105      2         1        0.00
  1105      2         2        0.00
  1105      2         3        0.00
  1105      2         4        0.00
  1105      3         1        0.00
  1105      3         2        0.00
  1105      3         3        0.00
  1105      3         4        0.00
  1105      4         1        0.00
  1105      4         2        0.00
  1105      4         3        0.00
  1105      4         4        0.00
  1105      5         1        0.00
  1105      5         2        0.00
  1105      5         3        0.00
  1105      5         4        0.00
  1105      6         1        0.00
  1105      6         2        0.00
  1105      6         3        0.00
  1105      6         4        0.00
  1105      7         1        0.00
  1105      7         2        0.00
  1105      7         3        0.00
  1105      7         4        0.00
  1105      8         1        8.98
  1105      8         2        8.98
  1105      8         3        8.98
  1105      8         4        8.98
  1105      9         1        9.24
  1105      9         2        9.24
  1105      9         3        9.24
  1105      9         4        9.24
  1105     10         1       23.96
  1105     10         2       23.96
  1105     10         3       15.38
  1105     10         4       23.97
  1105     11         1       18.67
  1105     11         2       18.67
  1105     11         3       19.43
  1105     11         4        7.58
  1105     12         1        5.86
  1105     12         2        7.74
  1105     12         3       11.43
  1105     12         4       11.85
  1108      1         1        0.00
  1108      1         2        0.00
  1108      1         3        0.00
  1108      1         4        0.00
  1108      2         1        0.00
  1108      2         2        0.00
  1108      2         3        0.00
  1108      2         4        0.00
  1108      3         1        0.00
  1108      3         2        0.00
  1108      3         3        0.00
  1108      3         4        0.00
  1108      4         1        0.00
  1108      4         2        0.00
  1108      4         3        0.00
  1108      4         4        0.00
  1108      5         1        0.00
  1108      5         2        0.00
  1108      5         3        0.00
  1108      5         4        0.00
  1108      6         1        0.00
  1108      6         2        0.00
  1108      6         3        0.00
  1108      6         4        0.00
  1108      7         1        0.00
  1108      7         2        0.00
  1108      7         3        0.00
  1108      7         4        0.00
  1108      8         1        0.00
  1108      8         2        0.00
  1108      8         3        0.00
  1108      8         4        0.00
  1108      9         1        0.00
  1108      9         2        0.00
  1108      9         3        0.00
  1108      9         4        0.00
  1108     10         1        0.00
  1108     10         2        0.00
  1108     10         3        0.00
  1108     10         4        0.00
  1108     11         1        0.00
  1108     11         2        0.00
  1108     11         3        0.00
  1108     11         4        0.00
  1108     12         1        0.00
  1108     12         2        0.00
  1108     12         3        0.00
  1108     12         4        0.00
  1111      1         1        0.00
  1111      1         2        0.00
  1111      1         3        0.00
  1111      1         4        0.00
  1111      2         1        0.00
  1111      2         2        0.00
  1111      2         3        0.00
  1111      2         4        0.00
  1111      3         1        0.00
  1111      3         2        0.00
  1111      3         3        0.00
  1111      3         4        0.00
  1111      4         1        0.00
  1111      4         2        0.00
  1111      4         3        0.00
  1111      4         4        0.00
  1111      5         1        0.00
  1111      5         2        0.00
  1111      5         3        0.00
  1111      5         4        0.00
  1111      6         1        0.00
  1111      6         2        0.00
  1111      6         3        0.00
  1111      6         4        0.00
  1111      7         1        0.00
  1111      7         2        0.00
  1111      7         3        0.00
  1111      7         4        0.00
  1111      8         1        0.00
  1111      8         2        0.00
  1111      8         3        0.00
  1111      8         4        0.00
  1111      9         1        0.00
  1111      9         2        0.00
  1111      9         3        0.00
  1111      9         4        0.00
  1111     10         1        0.00
  1111     10         2        0.00
  1111     10         3        0.00
  1111     10         4        0.00
  1111     11         1        0.00
  1111     11         2        0.00
  1111     11         3        0.00
  1111     11         4        0.00
  1111     12         1        0.00
  1111     12         2        0.00
  1111     12         3        0.00
  1111     12         4        0.00
  1114      1         1        0.00
  1114      1         2        0.00
  1114      1         3        0.00
  1114      1         4        0.00
  1114      2         1        0.00
  1114      2         2        0.00
  1114      2         3        0.00
  1114      2         4        0.00
  1114      3         1        0.00
  1114      3         2        0.00
  1114      3         3        0.00
  1114      3         4        0.00
  1114      4         1        0.00
  1114      4         2        0.00
  1114      4         3        0.00
  1114      4         4        0.00
  1114      5         1        0.00
  1114      5         2        0.00
  1114      5         3        0.00
  1114      5         4        0.00
  1114      6         1        0.00
  1114      6         2        0.00
  1114      6         3        0.00
  1114      6         4        0.00
  1114      7         1        0.00
  1114      7         2        0.00
  1114      7         3        0.00
  1114      7         4        0.00
  1114      8         1        0.00
  1114      8         2        0.00
  1114      8         3        0.00
  1114      8         4        0.00
  1114      9         1       46.92
  1114      9         2       46.92
  1114      9         3       46.92
  1114      9         4       46.92
  1114     10         1       44.30
  1114     10         2       44.30
  1114     10         3       44.30
  1114     10         4       44.30
  1114     11         1       40.33
  1114     11         2       40.33
  1114     11         3       40.33
  1114     11         4       40.33
  1117      1         1        0.00
  1117      1         2        0.00
  1117      1         3        0.00
  1117      1         4        0.00
  1117      2         1        0.00
  1117      2         2        0.00
  1117      2         3        0.00
  1117      2         4        0.00
  1117      3         1        0.00
  1117      3         2        0.00
  1117      3         3        0.00
  1117      3         4        0.00
  1117      4         1        0.00
  1117      4         2        0.00
  1117      4         3        0.00
  1117      4         4        0.00
  1117      5         1        0.00
  1117      5         2        0.00
  1117      5         3        0.00
  1117      5         4        0.00
  1117      6         1        0.00
  1117      6         2        0.00
  1117      6         3        0.00
  1117      6         4        0.00
  1117      7         1        0.00
  1117      7         2        0.00
  1117      7         3        0.00
  1117      7         4        0.00
  1117      8         1        0.00
  1117      8         2        0.00
  1117      8         3        0.00
  1117      8         4        0.00
  1117      9         1       54.89
  1117      9         2       54.89
  1117      9         3       54.89
  1117      9         4       54.89
  1117     10         1       53.43
  1117     10         2       53.43
  1117     10         3       53.43
  1117     10         4       53.43
  1117     11         1       50.38
  1117     11         2       50.38
  1117     11         3       50.38
  1117     11         4       50.38
  1120      1         1        0.00
  1120      1         2        0.00
  1120      1         3        0.00
  1120      1         4        0.00
  1120      2         1        0.00
  1120      2         2        0.00
  1120      2         3        0.00
  1120      2         4        0.00
  1120      3         1        0.00
  1120      3         2        0.00
  1120      3         3        0.00
  1120      3         4        0.00
  1120      4         1        0.00
  1120      4         2        0.00
  1120      4         3        0.00
  1120      4         4        0.00
  1120      5         1        0.00
  1120      5         2        0.00
  1120      5         3        0.00
  1120      5         4        0.00
  1120      6         1        0.00
  1120      6         2        0.00
  1120      6         3        0.00
  1120      6         4        0.00
  1120      7         1        0.00
  1120      7         2        0.00
  1120      7         3        0.00
  1120      7         4        0.00
  1120      8         1       52.72
  1120      8         2       52.72
  1120      8         3       52.72
  1120      8         4       52.72
  1120      9         1       47.67
  1120      9         2       47.67
  1120      9         3       47.67
  1120      9         4       47.67
  1120     10         1       55.16
  1120     10         2       55.16
  1120     10         3       55.16
  1120     10         4       55.16
  1120     11         1       71.59
  1120     11         2       71.59
  1120     11         3       71.59
  1120     11         4       71.59
  1123      1         1        0.00
  1123      1         2        0.00
  1123      1         3        0.00
  1123      1         4        0.00
  1123      2         1        0.00
  1123      2         2        0.00
  1123      2         3        0.00
  1123      2         4        0.00
  1123      3         1        0.00
  1123      3         2        0.00
  1123      3         3        0.00
  1123      3         4        0.00
  1123      4         1        0.00
  1123      4         2        0.00
  1123      4         3        0.00
  1123      4         4        0.00
  1123      5         1        0.00
  1123      5         2        0.00
  1123      5         3        0.00
  1123      5         4        0.00
  1123      6         1        0.00
  1123      6         2        0.00
  1123      6         3        0.00
  1123      6         4        0.00
  1123      7         1        0.00
  1123      7         2        0.00
  1123      7         3        0.00
  1123      7         4        0.00
  1123      8         1        0.00
  1123      8         2        0.00
  1123      8         3        0.00
  1123      8         4        0.00
  1123      9         1       69.42
  1123      9         2       69.42
  1123      9         3       69.42
  1123      9         4       69.42
  1123     10         1      103.15
  1123     10         2      103.15
  1123     10         3      103.15
  1123     10         4      103.15
  1123     11         1       92.10
  1123     11         2       92.10
  1123     11         3       92.10
  1123     11         4       92.10
  1126      1         1        0.00
  1126      1         2        0.00
  1126      1         3        0.00
  1126      1         4        0.00
  1126      2         1        0.00
  1126      2         2        0.00
  1126      2         3        0.00
  1126      2         4        0.00
  1126      3         1        0.00
  1126      3         2        0.00
  1126      3         3        0.00
  1126      3         4        0.00
  1126      4         1        0.00
  1126      4         2        0.00
  1126      4         3        0.00
  1126      4         4        0.00
  1126      5         1        0.00
  1126      5         2        0.00
  1126      5         3        0.00
  1126      5         4        0.00
  1126      6         1        0.00
  1126      6         2        0.00
  1126      6         3        0.00
  1126      6         4        0.00
  1126      7         1        0.00
  1126      7         2        0.00
  1126      7         3        0.00
  1126      7         4        0.00
  1126      8         1       61.57
  1126      8         2       61.57
  1126      8         3       61.57
  1126      8         4       61.57
  1126      9         1       59.64
  1126      9         2       63.00
  1126      9         3       64.24
  1126      9         4       63.07
  1126     10         1       96.63
  1126     10         2       94.93
  1126     10         3       94.30
  1126     10         4       94.89
  1126     11         1       86.95
  1126     11         2       85.15
  1126     11         3       84.82
  1126     11         4       85.41
  1129      1         1        0.00
  1129      1         2        0.00
  1129      1         3        0.00
  1129      1         4        0.00
  1129      2         1        0.00
  1129      2         2        0.00
  1129      2         3        0.00
  1129      2         4        0.00
  1129      3         1        0.00
  1129      3         2        0.00
  1129      3         3        0.00
  1129      3         4        0.00
  1129      4         1        0.00
  1129      4         2        0.00
  1129      4         3        0.00
  1129      4         4        0.00
  1129      5         1        0.00
  1129      5         2        0.00
  1129      5         3        0.00
  1129      5         4        0.00
  1129      6         1        0.00
  1129      6         2        0.00
  1129      6         3        0.00
  1129      6         4        0.00
  1129      7         1        0.00
  1129      7         2        0.00
  1129      7         3        0.00
  1129      7         4        0.00
  1129      8         1        0.00
  1129      8         2        0.00
  1129      8         3        0.00
  1129      8         4        0.00
  1129      9         1       77.02
  1129      9         2       77.02
  1129      9         3       77.02
  1129      9         4       77.02
  1129     10         1      119.15
  1129     10         2      119.15
  1129     10         3      119.15
  1129     10         4      119.15
  1129     11         1      107.83
  1129     11         2      107.83
  1129     11         3      107.83
  1129     11         4      107.83
  1362      1         1        0.00
  1362      1         2        0.00
  1362      1         3        0.00
  1362      1         4        0.00
  1362      2         1        0.00
  1362      2         2        0.00
  1362      2         3        0.00
  1362      2         4        0.00
  1362      3         1        0.00
  1362      3         2        0.00
  1362      3         3        0.00
  1362      3         4        0.00
  1362      4         1        0.00
  1362      4         2        0.00
  1362      4         3        0.00
  1362      4         4        0.00
  1362      5         1        0.00
  1362      5         2        0.00
  1362      5         3        0.00
  1362      5         4        0.00
  1362      6         1        0.00
  1362      6         2        0.00
  1362      6         3        0.00
  1362      6         4        0.00
  1362      7         1        0.00
  1362      7         2        0.00
  1362      7         3        0.00
  1362      7         4        0.00
  1362      8         1       64.10
  1362      8         2       64.10
  1362      8         3       64.10
  1362      8         4       64.10
  1362      9         1       67.17
  1362      9         2       67.17
  1362      9         3       67.17
  1362      9         4       67.17
  1362     10         1      100.58
  1362     10         2      100.58
  1362     10         3      100.58
  1362     10         4      100.58
  1362     11         1       91.02
  1362     11         2       91.02
  1362     11         3       91.02
  1362     11         4       91.02
  1365      1         1        0.00
  1365      1         2        0.00
  1365      1         3        0.00
  1365      1         4        0.00
  1365      2         1        0.00
  1365      2         2        0.00
  1365      2         3        0.00
  1365      2         4        0.00
  1365      3         1        0.00
  1365      3         2        0.00
  1365      3         3        0.00
  1365      3         4        0.00
  1365      4         1        0.00
  1365      4         2        0.00
  1365      4         3        0.00
  1365      4         4        0.00
  1365      5         1        0.00
  1365      5         2        0.00
  1365      5         3        0.00
  1365      5         4        0.00
  1365      6         1        0.00
  1365      6         2        0.00
  1365      6         3        0.00
  1365      6         4        0.00
  1365      7         1        0.00
  1365      7         2        0.00
  1365      7         3        0.00
  1365      7         4        0.00
  1365      8         1       62.05
  1365      8         2       62.05
  1365      8         3       62.05
  1365      8         4       62.05
  1365      9         1       60.26
  1365      9         2       60.26
  1365      9         3       60.26
  1365      9         4       60.26
  1365     10         1       97.83
  1365     10         2       97.83
  1365     10         3       97.83
  1365     10         4       97.83
  1365     11         1       88.25
  1365     11         2       88.25
  1365     11         3       88.25
  1365     11         4       88.25
  1368      1         1        0.00
  1368      1         2        0.00
  1368      1         3        0.00
  1368      1         4        0.00
  1368      2         1        0.00
  1368      2         2        0.00
  1368      2         3        0.00
  1368      2         4        0.00
  1368      3         1        0.00
  1368      3         2        0.00
  1368      3         3        0.00
  1368      3         4        0.00
  1368      4         1        0.00
  1368      4         2        0.00
  1368      4         3        0.00
  1368      4         4        0.00
  1368      5         1        0.00
  1368      5         2        0.00
  1368      5         3        0.00
  1368      5         4        0.00
  1368      6         1        0.00
  1368      6         2        0.00
  1368      6         3        0.00
  1368      6         4        0.00
  1368      7         1        0.00
  1368      7         2        0.00
  1368      7         3        0.00
  1368      7         4        0.00
  1368      8         1       57.22
  1368      8         2       57.22
  1368      8         3       57.22
  1368      8         4       57.22
  1368      9         1       56.30
  1368      9         2       56.30
  1368      9         3       56.30
  1368      9         4       56.30
  1368     10         1       84.27
  1368     10         2       84.27
  1368     10         3       84.27
  1368     10         4       84.27
  1368     11         1       74.86
  1368     11         2       74.86
  1368     11         3       74.86
  1368     11         4       74.86
  1371      1         1        0.00
  1371      1         2        0.00
  1371      1         3        0.00
  1371      1         4        0.00
  1371      2         1        0.00
  1371      2         2        0.00
  1371      2         3        0.00
  1371      2         4        0.00
  1371      3         1        0.00
  1371      3         2        0.00
  1371      3         3        0.00
  1371      3         4        0.00
  1371      4         1        0.00
  1371      4         2        0.00
  1371      4         3        0.00
  1371      4         4        0.00
  1371      5         1        0.00
  1371      5         2        0.00
  1371      5         3        0.00
  1371      5         4        0.00
  1371      6         1        0.00
  1371      6         2        0.00
  1371      6         3        0.00
  1371      6         4        0.00
  1371      7         1        0.00
  1371      7         2        0.00
  1371      7         3        0.00
  1371      7         4        0.00
  1371      8         1       51.34
  1371      8         2       51.34
  1371      8         3       51.34
  1371      8         4       51.34
  1371      9         1       51.79
  1371      9         2       51.79
  1371      9         3       51.79
  1371      9         4       51.79
  1371     10         1       50.99
  1371     10         2       50.99
  1371     10         3       50.99
  1371     10         4       50.99
  1371     11         1       48.35
  1371     11         2       48.35
  1371     11         3       48.35
  1371     11         4       48.35
