--------------------------------------------------------------------------------------------------------------------
Stability Test
Scenarios: 10
Turbines: 2
Time Limit: 43200
Model solved in 43200.4 seconds
Max Gap: 0
-------------------------------------
Status: Unfinished
Profit = 5055.72
Gap: 276.48 %
-------------------------------------
 Cycle Period    Power(1)   SoldDA(1)   SoldRT(1)    Power(2)   SoldDA(2)   SoldRT(2)    Power(3)   SoldDA(3)   SoldRT(3)    Power(4)   SoldDA(4)   SoldRT(4)    Power(5)   SoldDA(5)   SoldRT(5)    Power(6)   SoldDA(6)   SoldRT(6)    Power(7)   SoldDA(7)   SoldRT(7)    Power(8)   SoldDA(8)   SoldRT(8)    Power(9)   SoldDA(9)   SoldRT(9)    Power(10)   SoldDA(10)   SoldRT(10)
     1      8     0.40121     0.00000     0.20060     0.40121     0.00000     0.20060     0.40121     0.00000     0.20060     0.40121     0.00000     0.20060     0.00000     0.00000     0.00000     0.40121     0.00000     0.20060     0.40121     0.00000     0.20060     0.40121     0.00000     0.20060     0.40121     0.00000     0.20060     0.40121     0.00000     0.20060
     1      9     0.53520     0.26760     0.00000     0.53520     0.13400     0.13359     0.53520     0.00000     0.26760     0.53520     0.00000     0.26760     0.53520     0.00000     0.26760     0.53520     0.00000     0.26760     0.53520     0.00000     0.26760     0.53520     0.00000     0.26760     0.53520     0.06516     0.20244     0.53520     0.00000     0.26760
     1     10     0.63654     0.00000     0.31827     0.00000     0.00000     0.00000     0.63654     0.00000     0.31827     0.63654     0.00000     0.31827     0.00000     0.00000     0.00000     0.63654     0.00000     0.31827     0.63654     0.00000     0.31827     0.63654     0.00000     0.31827     0.63654     0.00000     0.31827     0.63654     0.00000     0.31827
     1     11     0.69009     0.34504     0.00000     0.69009     0.16334     0.18170     0.69009     0.05113     0.29391     0.00000     0.00000     0.00000     0.69009     0.00000     0.34504     0.69009     0.29675     0.04829     0.69009     0.34504     0.00000     0.00000     0.00000     0.00000     0.69009     0.00000     0.34504     0.69009     0.15853     0.18651
     1     12     0.68388     0.34194     0.00000     0.68388     0.16187     0.18007     0.68388     0.05067     0.29127     0.68388     0.00000     0.34194     0.00000     0.00000     0.00000     0.00000     0.00000     0.00000     0.68388     0.00000     0.34194     0.68388     0.00000     0.34194     0.68388     0.00000     0.34194     0.68388     0.00000     0.34194
     2      9     0.44816     0.00000     0.22408     0.00000     0.00000     0.00000     0.44816     0.00000     0.22408     0.44816     0.00000     0.22408     0.44816     0.22408     0.00000     0.44816     0.00000     0.22408     0.44816     0.04194     0.18214     0.44816     0.00000     0.22408     0.44816     0.16774     0.05634     0.44816     0.00000     0.22408
     2     10     0.53547     0.25955     0.00818     0.53547     0.19603     0.07171     0.53547     0.00000     0.26773     0.53547     0.02962     0.23811     0.53547     0.26773     0.00000     0.53547     0.00000     0.26773     0.53547     0.26773     0.00000     0.53547     0.26345     0.00429     0.53547     0.26773     0.00000     0.53547     0.00000     0.26773
     2     11     0.00000     0.00000     0.00000     0.57705     0.00000     0.28853     0.57705     0.00000     0.28853     0.57705     0.00000     0.28853     0.00000     0.00000     0.00000     0.57705     0.00000     0.28853     0.57705     0.09542     0.19310     0.57705     0.00000     0.28853     0.57705     0.28853     0.00000     0.57705     0.00000     0.28853
     2     12     0.56169     0.20281     0.07804     0.56169     0.28085     0.00000     0.56169     0.00000     0.28085     0.56169     0.05648     0.22436     0.56169     0.28085     0.00000     0.56169     0.00771     0.27314     0.56169     0.28085     0.00000     0.56169     0.00000     0.28085     0.56169     0.28085     0.00000     0.56169     0.00000     0.28085
     3      9     0.35872     0.00000     0.17936     0.35872     0.00000     0.17936     0.00000     0.00000     0.00000     0.35872     0.00000     0.17936     0.35872     0.00000     0.17936     0.35872     0.00000     0.17936     0.35872     0.00000     0.17936     0.35872     0.00000     0.17936     0.35872     0.00000     0.17936     0.35872     0.00000     0.17936
     3     10     0.43159     0.00000     0.21580     0.43159     0.00000     0.21580     0.43159     0.00000     0.21580     0.43159     0.00000     0.21580     0.00000     0.00000     0.00000     0.43159     0.00000     0.21580     0.43159     0.00000     0.21580     0.43159     0.00000     0.21580     0.43159     0.00000     0.21580     0.43159     0.00000     0.21580
     3     11     0.46077     0.00000     0.23038     0.46077     0.00000     0.23038     0.46077     0.00000     0.23038     0.46077     0.00000     0.23038     0.46077     0.00000     0.23038     0.46077     0.00000     0.23038     0.46077     0.00000     0.23038     0.46077     0.00000     0.23038     0.46077     0.00000     0.23038     0.46077     0.00000     0.23038
     3     12     0.43563     0.00000     0.21782     0.43563     0.00000     0.21782     0.43563     0.00000     0.21782     0.43563     0.00000     0.21782     0.43563     0.00000     0.21782     0.43563     0.00000     0.21782     0.43563     0.00000     0.21782     0.43563     0.00000     0.21782     0.43563     0.00000     0.21782     0.43563     0.00000     0.21782
     4     10     0.36163     0.00000     0.18082     0.36163     0.00000     0.18082     0.00000     0.00000     0.00000     0.00000     0.00000     0.00000     0.36163     0.00000     0.18082     0.36163     0.00000     0.18082     0.36163     0.00000     0.18082     0.36163     0.00000     0.18082     0.36163     0.00000     0.18082     0.36163     0.00000     0.18082
     4     11     0.38706     0.18237     0.01116     0.38706     0.05908     0.13445     0.38706     0.00030     0.19323     0.38706     0.14529     0.04824     0.38706     0.17364     0.01989     0.38706     0.05719     0.13634     0.38706     0.19353     0.00000     0.38706     0.08326     0.11027     0.38706     0.19353     0.00000     0.38706     0.05719     0.13634
     4     12     0.36107     0.18054     0.00000     0.36107     0.18054     0.00000     0.36107     0.00069     0.17985     0.36107     0.18054     0.00000     0.36107     0.17779     0.00275     0.36107     0.18054    -0.00000     0.36107     0.18054    -0.00000     0.36107     0.18054     0.00000     0.36107     0.18054    -0.00000     0.36107     0.18054    -0.00000
--------------------------------------------------------------------------------------------------------------------
Stability Test
Scenarios: 10
Turbines: 2
Time Limit: 43200
Model solved in 43201 seconds
Max Gap: 0
-------------------------------------
Status: Unfinished
Profit = 5144.23
Gap: 266.432 %
-------------------------------------
 Cycle Period    Power(1)   SoldDA(1)   SoldRT(1)    Power(2)   SoldDA(2)   SoldRT(2)    Power(3)   SoldDA(3)   SoldRT(3)    Power(4)   SoldDA(4)   SoldRT(4)    Power(5)   SoldDA(5)   SoldRT(5)    Power(6)   SoldDA(6)   SoldRT(6)    Power(7)   SoldDA(7)   SoldRT(7)    Power(8)   SoldDA(8)   SoldRT(8)    Power(9)   SoldDA(9)   SoldRT(9)    Power(10)   SoldDA(10)   SoldRT(10)
     1      8     0.40121     0.07384     0.12676     0.00000     0.00000     0.00000     0.40121     0.11158     0.08902     0.40121     0.00000     0.20060     0.35403     0.00000     0.17702     0.35403     0.00000     0.17702     0.40121     0.00000     0.20060     0.00000     0.00000     0.00000     0.40121     0.00000     0.20060     0.40121     0.20060     0.00000
     1      9     0.53520     0.00000     0.26760     0.00000     0.00000     0.00000     0.53520     0.00000     0.26760     0.53520     0.00000     0.26760     0.53520     0.00000     0.26760     0.53520     0.00000     0.26760     0.53520     0.00000     0.26760     0.53520     0.00000     0.26760     0.00000     0.00000     0.00000     0.53520     0.00000     0.26760
     1     10     0.63654     0.15516     0.16311     0.63654     0.00000     0.31827     0.63654     0.31827     0.00000     0.00000     0.00000     0.00000     0.63654     0.19692     0.12135     0.63654     0.01059     0.30768     0.63654     0.00000     0.31827     0.63654     0.06215     0.25611     0.63654     0.19223     0.12604     0.63654     0.00053     0.31774
     1     11     0.69009     0.01618     0.32887     0.69009     0.00000     0.34504     0.69009     0.00000     0.34504     0.69009     0.00000     0.34504     0.69009     0.31841     0.02663     0.69009     0.00000     0.34504     0.69009     0.00000     0.34504     0.69009     0.00000     0.34504     0.00000     0.00000     0.00000     0.69009     0.34504     0.00000
     1     12     0.68388     0.01603     0.32591     0.68388     0.00000     0.34194     0.68388     0.00000     0.34194     0.68388     0.00000     0.34194     0.68388     0.31555     0.02639     0.68388     0.00000     0.34194     0.68388     0.00000     0.34194     0.68388     0.00000     0.34194     0.00000     0.00000     0.00000     0.68388     0.34194     0.00000
     2      9     0.00000     0.00000     0.00000     0.35403     0.17702     0.00000     0.44816     0.17661     0.04747     0.44816     0.22408     0.00000     0.44816     0.22408    -0.00000     0.44816     0.22283     0.00125     0.44816     0.07391     0.15017     0.44816     0.19090     0.03318     0.44816     0.22408     0.00000     0.44816     0.22408     0.00000
     2     10     0.00000     0.00000     0.00000     0.53547     0.26773     0.00000     0.53547     0.21102     0.05671     0.53547     0.26773    -0.00000     0.53547     0.26773    -0.00000     0.53547     0.26773     0.00000     0.53547     0.08830     0.17943     0.53547     0.26773    -0.00000     0.53547     0.26773     0.00000     0.53547     0.26773     0.00000
     2     11     0.57705     0.28853     0.00000     0.57705     0.28853     0.00000     0.57705     0.04778     0.24074     0.57705     0.27166     0.01687     0.57705     0.03829     0.25024     0.57705     0.28702     0.00151     0.57705     0.16480     0.12372     0.57705     0.28853     0.00000     0.57705     0.28853     0.00000     0.57705     0.00579     0.28274
     2     12     0.00000     0.00000     0.00000     0.56169     0.28085     0.00000     0.56169     0.00000     0.28085     0.56169     0.26443     0.01642     0.56169     0.03727     0.24358     0.56169     0.27938     0.00147     0.56169     0.00000     0.28085     0.56169     0.28085     0.00000     0.56169     0.28085     0.00000     0.56169     0.00564     0.27521
     3      9     0.35403     0.00000     0.17702     0.35872     0.00000     0.17936     0.35872     0.00000     0.17936     0.35403     0.00000     0.17702     0.00000     0.00000     0.00000     0.35872     0.00000     0.17936     0.35872     0.00000     0.17936     0.35403     0.00000     0.17702     0.35872     0.00000     0.17936     0.35872     0.00000     0.17936
     3     10     0.43159     0.00000     0.21580     0.43159     0.00000     0.21580     0.43159     0.00000     0.21580     0.43159     0.00000     0.21580     0.00000     0.00000     0.00000     0.43159     0.00000     0.21580     0.43159     0.00000     0.21580     0.43159     0.00000     0.21580     0.43159     0.00000     0.21580     0.43159     0.00000     0.21580
     3     11     0.46077     0.00000     0.23038     0.46077     0.00000     0.23038     0.46077     0.23038     0.00000     0.46077     0.00000     0.23038     0.46077     0.00000     0.23038     0.00000     0.00000     0.00000     0.46077     0.00000     0.23038     0.46077     0.00000     0.23038     0.46077     0.03596     0.19443     0.46077     0.10476     0.12562
     3     12     0.43563     0.05766     0.16016     0.43563     0.00000     0.21782     0.43563     0.06791     0.14991     0.43563     0.00000     0.21782     0.43563     0.00000     0.21782     0.43563     0.00000     0.21782     0.43563     0.00000     0.21782     0.43563     0.00000     0.21782     0.00000     0.00000     0.00000     0.43563     0.21782     0.00000
     4     10     0.36163     0.00000     0.18082     0.36163     0.07006     0.11075     0.35403     0.17702     0.00000     0.36163     0.06696     0.11385     0.00000     0.00000     0.00000     0.36163     0.00000     0.18082     0.36163     0.00000     0.18082     0.36163     0.00000     0.18082     0.36163     0.00000     0.18082     0.36163     0.00000     0.18082
     4     11     0.35403     0.00000     0.17702     0.38706     0.07006     0.12347     0.35403     0.17702     0.00000     0.38706     0.06696     0.12657     0.35403     0.01470     0.16232     0.38706     0.00000     0.19353     0.38706     0.19353     0.00000     0.38706     0.00000     0.19353     0.35403     0.09125     0.08576     0.35403     0.00000     0.17702
     4     12     0.35403     0.03454     0.14248     0.35403     0.00000     0.17702     0.36107     0.00000     0.18054     0.36107     0.00000     0.18054     0.36107     0.00000     0.18054     0.35403     0.00000     0.17702     0.35403     0.17702     0.00000     0.36107     0.00000     0.18054     0.35403     0.00000     0.17702     0.36107     0.00000     0.18054
--------------------------------------------------------------------------------------------------------------------
Stability Test
Scenarios: 10
Turbines: 2
Time Limit: 43200
Model solved in 43205.6 seconds
Max Gap: 0
-------------------------------------
Status: Unfinished
Profit = 5545.91
Gap: 256.32 %
-------------------------------------
 Cycle Period    Power(1)   SoldDA(1)   SoldRT(1)    Power(2)   SoldDA(2)   SoldRT(2)    Power(3)   SoldDA(3)   SoldRT(3)    Power(4)   SoldDA(4)   SoldRT(4)    Power(5)   SoldDA(5)   SoldRT(5)    Power(6)   SoldDA(6)   SoldRT(6)    Power(7)   SoldDA(7)   SoldRT(7)    Power(8)   SoldDA(8)   SoldRT(8)    Power(9)   SoldDA(9)   SoldRT(9)    Power(10)   SoldDA(10)   SoldRT(10)
     1      8     0.40121     0.00000     0.20060     0.40121     0.00000     0.20060     0.40121     0.00000     0.20060     0.00000     0.00000     0.00000     0.40121     0.00000     0.20060     0.40121     0.07906     0.12154     0.40121     0.00000     0.20060     0.40121     0.15479     0.04582     0.40121     0.00000     0.20060     0.40121     0.20060     0.00000
     1      9     0.53520     0.00000     0.26760     0.53520     0.16121     0.10639     0.53520     0.07556     0.19204     0.53520     0.18465     0.08295     0.53520     0.00000     0.26760     0.53520     0.26760     0.00000     0.53520     0.26760     0.00000     0.53520     0.26760     0.00000     0.53520     0.00000     0.26760     0.53520     0.24145     0.02615
     1     10     0.63654     0.00000     0.31827     0.63654     0.19173     0.12654     0.63654     0.08986     0.22841     0.63654     0.21961     0.09865     0.63654     0.00000     0.31827     0.63654     0.31827     0.00000     0.63654     0.31827    -0.00000     0.63654     0.31827     0.00000     0.63654     0.00000     0.31827     0.63654     0.28717     0.03110
     1     11     0.00000     0.00000     0.00000     0.69009     0.00000     0.34504     0.00000     0.00000     0.00000     0.69009     0.06324     0.28181     0.69009     0.00000     0.34504     0.69009     0.34504     0.00000     0.69009     0.00000     0.34504     0.69009     0.32238     0.02267     0.00000     0.00000     0.00000     0.69009     0.00000     0.34504
     1     12     0.68388     0.00000     0.34194     0.00000     0.00000     0.00000     0.68388     0.00000     0.34194     0.68388     0.06267     0.27927     0.68388     0.00000     0.34194     0.68388     0.34194     0.00000     0.68388     0.00000     0.34194     0.68388     0.31948     0.02246     0.00000     0.00000     0.00000     0.68388     0.00000     0.34194
     2      9     0.44816     0.22408     0.00000     0.44816     0.00000     0.22408     0.44816     0.14721     0.07687     0.44816     0.00405     0.22003     0.00000     0.00000     0.00000     0.44816     0.22121     0.00287     0.44816     0.14782     0.07626     0.44816     0.00000     0.22408     0.44816     0.22408    -0.00000     0.44816     0.22408     0.00000
     2     10     0.53547     0.26773     0.00000     0.53547     0.26773     0.00000     0.53547     0.26773     0.00000     0.53547     0.26773    -0.00000     0.53547     0.26773     0.00000     0.53547     0.26773     0.00000     0.53547     0.26773     0.00000     0.53547     0.26773     0.00000     0.53547     0.26773     0.00000     0.53547     0.26773     0.00000
     2     11     0.57705     0.00000     0.28853     0.57705     0.04155     0.24697     0.57705     0.00000     0.28853     0.00000     0.00000     0.00000     0.57705     0.22972     0.05880     0.57705     0.14129     0.14724     0.57705     0.28853     0.00000     0.57705     0.00000     0.28853     0.57705     0.14682     0.14171     0.57705     0.28853     0.00000
     2     12     0.56169     0.25118     0.02967     0.56169     0.04045     0.24040     0.56169     0.15162     0.12922     0.56169     0.00528     0.27557     0.56169     0.22361     0.05724     0.56169     0.28085     0.00000     0.56169     0.28085     0.00000     0.56169     0.02419     0.25665     0.56169     0.28085     0.00000     0.56169     0.28085     0.00000
     3      9     0.35872     0.00000     0.17936     0.00000     0.00000     0.00000     0.35872     0.00000     0.17936     0.35872     0.00000     0.17936     0.00000     0.00000     0.00000     0.35872     0.00000     0.17936     0.35872     0.00000     0.17936     0.35872     0.00000     0.17936     0.35872     0.00000     0.17936     0.35872     0.00000     0.17936
     3     10     0.43159     0.00000     0.21580     0.43159     0.00000     0.21580     0.43159     0.00000     0.21580     0.43159     0.00000     0.21580     0.43159     0.00000     0.21580     0.43159     0.00000     0.21580     0.43159     0.00000     0.21580     0.43159     0.00000     0.21580     0.43159     0.00000     0.21580     0.43159     0.00000     0.21580
     3     11     0.46077     0.03164     0.19875     0.46077     0.00031     0.23007     0.46077     0.00000     0.23038     0.46077     0.00000     0.23038     0.46077     0.23038     0.00000     0.46077     0.22636     0.00402     0.46077     0.15693     0.07346     0.46077     0.00000     0.23038     0.46077     0.21295     0.01743     0.46077     0.02521     0.20517
     3     12     0.43563     0.00000     0.21782     0.43563     0.00000     0.21782     0.43563     0.00000     0.21782     0.43563     0.00000     0.21782     0.43563     0.00000     0.21782     0.43563     0.00000     0.21782     0.43563     0.00000     0.21782     0.43563     0.00000     0.21782     0.43563     0.00000     0.21782     0.43563     0.00000     0.21782
     4     10     0.36163     0.00000     0.18082     0.36163     0.00000     0.18082     0.36163     0.00000     0.18082     0.00000     0.00000     0.00000     0.36163     0.00000     0.18082     0.36163     0.00000     0.18082     0.36163     0.00000     0.18082     0.36163     0.00000     0.18082     0.36163     0.00000     0.18082     0.36163     0.00000     0.18082
     4     11     0.38706     0.19111     0.00242     0.38706     0.19353     0.00000     0.38706     0.03705     0.15648     0.38706     0.00000     0.19353     0.38706     0.19353    -0.00000     0.38706     0.00000     0.19353     0.38706     0.19353     0.00000     0.38706     0.10260     0.09093     0.38706     0.19353     0.00000     0.38706     0.15897     0.03456
     4     12     0.36107     0.05025     0.13028     0.36107     0.12327     0.05727     0.36107     0.00000     0.18054     0.36107     0.00000     0.18054     0.36107     0.00000     0.18054     0.36107     0.00000     0.18054     0.36107     0.18054     0.00000     0.36107     0.00000     0.18054     0.36107     0.00000     0.18054     0.00000     0.00000     0.00000
