 Cycle Period  Scenario   Power Gen   #Turbines
   190      1         1        0.00           0
   190      1         2        0.00           0
   190      1         3        0.00           0
   190      1         4        0.00           0
   190      1         5        0.00           0
   190      1         6        0.00           0
   190      1         7        0.00           0
   190      1         8        0.00           0
   190      1         9        0.00           0
   190      1        10        0.00           0
   190      2         1        0.00           0
   190      2         2        0.00           0
   190      2         3        0.00           0
   190      2         4        0.00           0
   190      2         5        0.00           0
   190      2         6        0.00           0
   190      2         7        0.00           0
   190      2         8        0.00           0
   190      2         9        0.00           0
   190      2        10        0.00           0
   190      3         1        0.00           0
   190      3         2        0.00           0
   190      3         3        0.00           0
   190      3         4        0.00           0
   190      3         5        0.00           0
   190      3         6        0.00           0
   190      3         7        0.00           0
   190      3         8        0.00           0
   190      3         9        0.00           0
   190      3        10        0.00           0
   190      4         1        0.00           0
   190      4         2        0.00           0
   190      4         3        0.00           0
   190      4         4        0.00           0
   190      4         5        0.00           0
   190      4         6        0.00           0
   190      4         7        0.00           0
   190      4         8        0.00           0
   190      4         9        0.00           0
   190      4        10        0.00           0
   190      5         1        0.00           0
   190      5         2        0.00           0
   190      5         3        0.00           0
   190      5         4        0.00           0
   190      5         5        0.00           0
   190      5         6        0.00           0
   190      5         7        0.00           0
   190      5         8        0.00           0
   190      5         9        0.00           0
   190      5        10        0.00           0
   190      6         1        0.00           0
   190      6         2        0.00           0
   190      6         3        0.00           0
   190      6         4        0.00           0
   190      6         5        0.00           0
   190      6         6        0.00           0
   190      6         7        0.00           0
   190      6         8        0.00           0
   190      6         9        0.00           0
   190      6        10        0.00           0
   190      7         1        0.00           0
   190      7         2        0.00           0
   190      7         3        0.00           0
   190      7         4        0.00           0
   190      7         5        0.00           0
   190      7         6        0.00           0
   190      7         7        0.00           0
   190      7         8        0.00           0
   190      7         9        0.00           0
   190      7        10        0.00           0
   190      8         1        0.00           0
   190      8         2        0.00           0
   190      8         3        0.00           0
   190      8         4        0.00           0
   190      8         5        0.00           0
   190      8         6        0.00           0
   190      8         7        0.00           0
   190      8         8        0.00           0
   190      8         9        0.00           0
   190      8        10        0.00           0
   190      9         1        0.00           0
   190      9         2        0.00           0
   190      9         3        0.00           0
   190      9         4        0.00           0
   190      9         5        0.00           0
   190      9         6       -0.00           0
   190      9         7        0.00           0
   190      9         8        0.00           0
   190      9         9        0.00           0
   190      9        10        0.00           0
   190     10         1        3.89           2
   190     10         2        3.89           2
   190     10         3        3.82           2
   190     10         4        0.00           0
   190     10         5        3.89           2
   190     10         6        0.00           0
   190     10         7        3.89           2
   190     10         8        3.89           2
   190     10         9        3.79           2
   190     10        10        3.89           2
   190     11         1        3.09           2
   190     11         2        2.08           2
   190     11         3        3.11           2
   190     11         4        3.11           2
   190     11         5        3.09           2
   190     11         6        3.11           2
   190     11         7        0.59           1
   190     11         8        1.67           2
   190     11         9        1.19           2
   190     11        10        3.09           2
   190     12         1        2.27           2
   190     12         2        2.58           2
   190     12         3        2.29           2
   190     12         4        3.76           2
   190     12         5        2.27           2
   190     12         6        3.76           2
   190     12         7        3.15           2
   190     12         8        2.72           2
   190     12         9        2.90           2
   190     12        10        2.27           2
   190     13         1        1.46           2
   190     13         2        1.71           2
   190     13         3        1.48           2
   190     13         4        2.65           2
   190     13         5        1.46           2
   190     13         6        2.65           2
   190     13         7        2.16           2
   190     13         8        1.82           2
   190     13         9        1.96           2
   190     13        10        1.46           2
   198      1         1        0.00           0
   198      1         2        0.00           0
   198      1         3        0.00           0
   198      1         4        0.00           0
   198      1         5        0.00           0
   198      1         6        0.00           0
   198      1         7        0.00           0
   198      1         8        0.00           0
   198      1         9        0.00           0
   198      1        10        0.00           0
   198      2         1        0.00           0
   198      2         2        0.00           0
   198      2         3        0.00           0
   198      2         4        0.00           0
   198      2         5        0.00           0
   198      2         6        0.00           0
   198      2         7        0.00           0
   198      2         8        0.00           0
   198      2         9        0.00           0
   198      2        10        0.00           0
   198      3         1        0.00           0
   198      3         2        0.00           0
   198      3         3        0.00           0
   198      3         4        0.00           0
   198      3         5        0.00           0
   198      3         6        0.00           0
   198      3         7        0.00           0
   198      3         8        0.00           0
   198      3         9        0.00           0
   198      3        10        0.00           0
   198      4         1        0.00           0
   198      4         2        0.00           0
   198      4         3        0.00           0
   198      4         4        0.00           0
   198      4         5        0.00           0
   198      4         6        0.00           0
   198      4         7        0.00           0
   198      4         8        0.00           0
   198      4         9        0.00           0
   198      4        10        0.00           0
   198      5         1        0.00           0
   198      5         2        0.00           0
   198      5         3        0.00           0
   198      5         4        0.00           0
   198      5         5        0.00           0
   198      5         6        0.00           0
   198      5         7        0.00           0
   198      5         8        0.00           0
   198      5         9        0.00           0
   198      5        10        0.00           0
   198      6         1        0.00           0
   198      6         2        0.00           0
   198      6         3        0.00           0
   198      6         4        0.00           0
   198      6         5        0.00           0
   198      6         6        0.00           0
   198      6         7        0.00           0
   198      6         8        0.00           0
   198      6         9        0.00           0
   198      6        10        0.00           0
   198      7         1        0.00           0
   198      7         2        0.00           0
   198      7         3        0.00           0
   198      7         4        0.00           0
   198      7         5        0.00           0
   198      7         6        0.00           0
   198      7         7        0.00           0
   198      7         8        0.00           0
   198      7         9        0.00           0
   198      7        10        0.00           0
   198      8         1        0.00           0
   198      8         2        4.20           2
   198      8         3        0.00           0
   198      8         4        2.10           1
   198      8         5        3.33           2
   198      8         6        1.98           1
   198      8         7        4.20           2
   198      8         8        4.16           2
   198      8         9        0.00           0
   198      8        10        4.20           2
   198      9         1        5.06           2
   198      9         2        1.93           2
   198      9         3        5.06           2
   198      9         4        1.14           1
   198      9         5        3.60           2
   198      9         6        4.45           2
   198      9         7        0.73           1
   198      9         8        3.32           2
   198      9         9        5.06           2
   198      9        10        3.28           2
   198     10         1        4.69           2
   198     10         2        3.29           2
   198     10         3        3.74           2
   198     10         4        4.94           2
   198     10         5        3.91           2
   198     10         6        3.88           2
   198     10         7        4.44           2
   198     10         8        3.73           2
   198     10         9        4.33           2
   198     10        10        3.73           2
   198     11         1        4.17           2
   198     11         2        3.80           2
   198     11         3        4.43           2
   198     11         4        4.43           2
   198     11         5        2.77           2
   198     11         6        3.73           2
   198     11         7        3.92           2
   198     11         8        3.14           2
   198     11         9        3.68           2
   198     11        10        3.14           2
   198     12         1        3.43           2
   198     12         2        3.00           2
   198     12         3        3.73           2
   198     12         4        3.73           2
   198     12         5        2.80           2
   198     12         6        2.92           2
   198     12         7        3.15           2
   198     12         8        2.46           2
   198     12         9        3.73           2
   198     12        10        2.46           2
   206      1         1        0.00           0
   206      1         2        0.00           0
   206      1         3        0.00           0
   206      1         4        0.00           0
   206      1         5        0.00           0
   206      1         6        0.00           0
   206      1         7        0.00           0
   206      1         8        0.00           0
   206      1         9        0.00           0
   206      1        10        0.00           0
   206      2         1        0.00           0
   206      2         2        0.00           0
   206      2         3        0.00           0
   206      2         4        0.00           0
   206      2         5        0.00           0
   206      2         6        0.00           0
   206      2         7        0.00           0
   206      2         8        0.00           0
   206      2         9        0.00           0
   206      2        10        0.00           0
   206      3         1        0.00           0
   206      3         2        0.00           0
   206      3         3        0.00           0
   206      3         4        0.00           0
   206      3         5        0.00           0
   206      3         6        0.00           0
   206      3         7        0.00           0
   206      3         8        0.00           0
   206      3         9        0.00           0
   206      3        10        0.00           0
   206      4         1        0.00           0
   206      4         2        0.00           0
   206      4         3        0.00           0
   206      4         4        0.00           0
   206      4         5        0.00           0
   206      4         6        0.00           0
   206      4         7        0.00           0
   206      4         8        0.00           0
   206      4         9        0.00           0
   206      4        10        0.00           0
   206      5         1        0.00           0
   206      5         2        0.00           0
   206      5         3        0.00           0
   206      5         4        0.00           0
   206      5         5        0.00           0
   206      5         6        0.00           0
   206      5         7        0.00           0
   206      5         8        0.00           0
   206      5         9        0.00           0
   206      5        10        0.00           0
   206      6         1        0.00           0
   206      6         2        0.00           0
   206      6         3        0.00           0
   206      6         4        0.00           0
   206      6         5        0.00           0
   206      6         6        0.00           0
   206      6         7        0.00           0
   206      6         8        0.00           0
   206      6         9        0.00           0
   206      6        10        0.00           0
   206      7         1        0.00           0
   206      7         2        0.00           0
   206      7         3        0.00           0
   206      7         4        4.93           2
   206      7         5        4.93           2
   206      7         6        0.00           0
   206      7         7        0.00           0
   206      7         8        0.00           0
   206      7         9        2.47           1
   206      7        10        0.00           0
   206      8         1        0.00           0
   206      8         2        6.25           2
   206      8         3        6.25           2
   206      8         4        0.00           0
   206      8         5        2.03           1
   206      8         6        6.25           2
   206      8         7        6.25           2
   206      8         8        6.25           2
   206      8         9        5.69           2
   206      8        10        0.00           0
   206      9         1        6.36           2
   206      9         2        6.38           2
   206      9         3        6.38           2
   206      9         4        5.05           2
   206      9         5        1.11           1
   206      9         6        6.38           2
   206      9         7        5.68           2
   206      9         8        6.38           2
   206      9         9        0.00           0
   206      9        10        7.51           2
   206     10         1        1.93           1
   206     10         2        0.00           0
   206     10         3        5.27           2
   206     10         4        6.63           2
   206     10         5        6.82           2
   206     10         6        5.84           2
   206     10         7        5.55           2
   206     10         8        5.27           2
   206     10         9        6.64           2
   206     10        10        6.95           2
   206     11         1       12.11           2
   206     11         2       10.28           2
   206     11         3        8.72           2
   206     11         4        0.00           0
   206     11         5        9.03           2
   206     11         6        8.43           2
   206     11         7        9.03           2
   206     11         8        8.72           2
   206     11         9        9.37           2
   206     11        10       10.56           2
   206     12         1       10.15           2
   206     12         2        8.54           2
   206     12         3        7.16           2
   206     12         4        9.83           2
   206     12         5        7.43           2
   206     12         6        6.90           2
   206     12         7        7.43           2
   206     12         8        7.16           2
   206     12         9        7.73           2
   206     12        10        8.78           2
   214      1         1        0.00           0
   214      1         2        0.00           0
   214      1         3        0.00           0
   214      1         4        0.00           0
   214      1         5        0.00           0
   214      1         6        0.00           0
   214      1         7        0.00           0
   214      1         8        0.00           0
   214      1         9        0.00           0
   214      1        10        0.00           0
   214      2         1        0.00           0
   214      2         2        0.00           0
   214      2         3        0.00           0
   214      2         4        0.00           0
   214      2         5        0.00           0
   214      2         6        0.00           0
   214      2         7        0.00           0
   214      2         8        0.00           0
   214      2         9        0.00           0
   214      2        10        0.00           0
   214      3         1        0.00           0
   214      3         2        0.00           0
   214      3         3        0.00           0
   214      3         4        0.00           0
   214      3         5        0.00           0
   214      3         6        0.00           0
   214      3         7        0.00           0
   214      3         8        0.00           0
   214      3         9        0.00           0
   214      3        10        0.00           0
   214      4         1        0.00           0
   214      4         2        0.00           0
   214      4         3        0.00           0
   214      4         4        0.00           0
   214      4         5        0.00           0
   214      4         6        0.00           0
   214      4         7        0.00           0
   214      4         8        0.00           0
   214      4         9        0.00           0
   214      4        10        0.00           0
   214      5         1        0.00           0
   214      5         2        0.00           0
   214      5         3        0.00           0
   214      5         4        0.00           0
   214      5         5        0.00           0
   214      5         6        0.00           0
   214      5         7        0.00           0
   214      5         8        0.00           0
   214      5         9        0.00           0
   214      5        10        0.00           0
   214      6         1        0.00           0
   214      6         2        0.00           0
   214      6         3        0.00           0
   214      6         4        0.00           0
   214      6         5        0.00           0
   214      6         6        0.00           0
   214      6         7        4.40           2
   214      6         8        0.00           0
   214      6         9        0.00           0
   214      6        10        1.83           1
   214      7         1        0.00           0
   214      7         2        0.00           0
   214      7         3        2.67           1
   214      7         4        5.97           2
   214      7         5        5.97           2
   214      7         6        5.97           2
   214      7         7        0.00           0
   214      7         8        2.98           1
   214      7         9        5.97           2
   214      7        10        0.00           0
   214      8         1        7.56           2
   214      8         2        7.56           2
   214      8         3        7.04           2
   214      8         4        0.00           0
   214      8         5        5.73           2
   214      8         6        2.86           1
   214      8         7        5.73           2
   214      8         8        6.64           2
   214      8         9        6.42           2
   214      8        10        6.78           2
   214      9         1        7.43           2
   214      9         2        7.75           2
   214      9         3        6.69           2
   214      9         4        7.43           2
   214      9         5        6.98           2
   214      9         6        6.80           2
   214      9         7        6.98           2
   214      9         8        7.45           2
   214      9         9        6.79           2
   214      9        10        6.70           2
   214     10         1       12.16           2
   214     10         2       12.00           2
   214     10         3       11.32           2
   214     10         4       12.16           2
   214     10         5       10.14           2
   214     10         6       11.36           2
   214     10         7        5.90           2
   214     10         8       11.03           2
   214     10         9        0.00           0
   214     10        10       11.53           2
   214     11         1       11.02           2
   214     11         2       10.88           2
   214     11         3       10.28           2
   214     11         4       11.02           2
   214     11         5        9.24           2
   214     11         6        8.37           2
   214     11         7       10.53           2
   214     11         8       10.02           2
   214     11         9       11.77           2
   214     11        10       10.47           2
   214     12         1        9.39           2
   214     12         2        9.27           2
   214     12         3        8.74           2
   214     12         4        9.39           2
   214     12         5        7.83           2
   214     12         6        9.37           2
   214     12         7        8.96           2
   214     12         8        8.51           2
   214     12         9       10.05           2
   214     12        10        8.91           2
   390      1         1        0.00           0
   390      1         2        0.00           0
   390      1         3        0.00           0
   390      1         4        0.00           0
   390      1         5        0.00           0
   390      1         6        0.00           0
   390      1         7        0.00           0
   390      1         8        0.00           0
   390      1         9        0.00           0
   390      1        10        0.00           0
   390      2         1        0.00           0
   390      2         2        0.00           0
   390      2         3        0.00           0
   390      2         4        0.00           0
   390      2         5        0.00           0
   390      2         6        0.00           0
   390      2         7        0.00           0
   390      2         8        0.00           0
   390      2         9        0.00           0
   390      2        10        0.00           0
   390      3         1        0.00           0
   390      3         2        0.00           0
   390      3         3        0.00           0
   390      3         4        0.00           0
   390      3         5        0.00           0
   390      3         6        0.00           0
   390      3         7        0.00           0
   390      3         8        0.00           0
   390      3         9        0.00           0
   390      3        10        0.00           0
   390      4         1        0.00           0
   390      4         2        0.00           0
   390      4         3        0.00           0
   390      4         4        0.00           0
   390      4         5        0.00           0
   390      4         6        0.00           0
   390      4         7        0.00           0
   390      4         8        0.00           0
   390      4         9        0.00           0
   390      4        10        0.00           0
   390      5         1        0.00           0
   390      5         2        0.00           0
   390      5         3        0.00           0
   390      5         4        0.00           0
   390      5         5        0.00           0
   390      5         6        0.00           0
   390      5         7        0.00           0
   390      5         8        0.00           0
   390      5         9        0.00           0
   390      5        10        0.00           0
   390      6         1        0.00           0
   390      6         2        0.00           0
   390      6         3        0.00           0
   390      6         4        0.00           0
   390      6         5        4.36           2
   390      6         6        0.00           0
   390      6         7        0.00           0
   390      6         8        0.00           0
   390      6         9        0.00           0
   390      6        10        0.00           0
   390      7         1        0.00           0
   390      7         2        4.77           2
   390      7         3        1.58           1
   390      7         4        0.00           0
   390      7         5        0.00           0
   390      7         6        2.96           1
   390      7         7        5.92           2
   390      7         8        0.00           0
   390      7         9        0.00           0
   390      7        10        5.92           2
   390      8         1        7.49           2
   390      8         2        0.00           0
   390      8         3        7.16           2
   390      8         4        7.49           2
   390      8         5        5.65           2
   390      8         6        6.57           2
   390      8         7        5.65           2
   390      8         8        7.49           2
   390      8         9        7.49           2
   390      8        10        2.83           1
   390      9         1        7.35           2
   390      9         2        7.63           2
   390      9         3        4.62           2
   390      9         4        7.35           2
   390      9         5        6.91           2
   390      9         6        7.38           2
   390      9         7        5.98           2
   390      9         8        7.35           2
   390      9         9        7.35           2
   390      9        10        6.66           2
   390     10         1       11.99           2
   390     10         2       12.31           2
   390     10         3       11.92           2
   390     10         4       11.99           2
   390     10         5        6.17           2
   390     10         6       10.85           2
   390     10         7       10.44           2
   390     10         8       11.99           2
   390     10         9       11.99           2
   390     10        10       11.21           2
   390     11         1       10.84           2
   390     11         2       11.12           2
   390     11         3       10.78           2
   390     11         4       10.84           2
   390     11         5       10.26           2
   390     11         6        9.84           2
   390     11         7        9.47           2
   390     11         8       10.84           2
   390     11         9       10.84           2
   390     11        10       10.16           2
   390     12         1        9.20           2
   390     12         2        9.45           2
   390     12         3        9.14           2
   390     12         4        9.20           2
   390     12         5        8.69           2
   390     12         6        8.31           2
   390     12         7        8.00           2
   390     12         8        9.20           2
   390     12         9        9.20           2
   390     12        10        8.60           2
   398      1         1        0.00           0
   398      1         2        0.00           0
   398      1         3        0.00           0
   398      1         4        0.00           0
   398      1         5        0.00           0
   398      1         6        0.00           0
   398      1         7        0.00           0
   398      1         8        0.00           0
   398      1         9        0.00           0
   398      1        10        0.00           0
   398      2         1        0.00           0
   398      2         2        0.00           0
   398      2         3        0.00           0
   398      2         4        0.00           0
   398      2         5        0.00           0
   398      2         6        0.00           0
   398      2         7        0.00           0
   398      2         8        0.00           0
   398      2         9        0.00           0
   398      2        10        0.00           0
   398      3         1        0.00           0
   398      3         2        0.00           0
   398      3         3        0.00           0
   398      3         4        0.00           0
   398      3         5        0.00           0
   398      3         6        0.00           0
   398      3         7        0.00           0
   398      3         8        0.00           0
   398      3         9        0.00           0
   398      3        10        0.00           0
   398      4         1        0.00           0
   398      4         2        0.00           0
   398      4         3        0.00           0
   398      4         4        0.00           0
   398      4         5        0.00           0
   398      4         6        0.00           0
   398      4         7        0.00           0
   398      4         8        0.00           0
   398      4         9        0.00           0
   398      4        10        0.00           0
   398      5         1        0.00           0
   398      5         2        0.00           0
   398      5         3        0.00           0
   398      5         4        0.00           0
   398      5         5        0.00           0
   398      5         6        0.00           0
   398      5         7        0.00           0
   398      5         8        0.00           0
   398      5         9        0.00           0
   398      5        10        0.00           0
   398      6         1        0.00           0
   398      6         2        0.00           0
   398      6         3        0.00           0
   398      6         4        0.00           0
   398      6         5        0.00           0
   398      6         6        0.00           0
   398      6         7        0.00           0
   398      6         8        0.00           0
   398      6         9        0.00           0
   398      6        10        0.00           0
   398      7         1        0.00           0
   398      7         2        0.00           0
   398      7         3        0.00           0
   398      7         4        0.00           0
   398      7         5        0.00           0
   398      7         6        0.00           0
   398      7         7        0.00           0
   398      7         8        0.00           0
   398      7         9        0.00           0
   398      7        10        0.00           0
   398      8         1        3.18           1
   398      8         2        6.36           2
   398      8         3        6.29           2
   398      8         4        6.36           2
   398      8         5        6.36           2
   398      8         6        6.36           2
   398      8         7        3.18           1
   398      8         8        6.36           2
   398      8         9        0.00           0
   398      8        10        6.36           2
   398      9         1        6.71           2
   398      9         2        5.80           2
   398      9         3        5.82           2
   398      9         4        5.82           2
   398      9         5        6.48           2
   398      9         6        6.48           2
   398      9         7        7.05           2
   398      9         8        5.80           2
   398      9         9        7.62           2
   398      9        10        5.80           2
   398     10         1        6.82           2
   398     10         2        6.63           2
   398     10         3        6.64           2
   398     10         4        5.72           2
   398     10         5        6.45           2
   398     10         6        6.45           2
   398     10         7        7.02           2
   398     10         8        5.66           2
   398     10         9        7.58           2
   398     10        10        6.63           2
   398     11         1        9.69           2
   398     11         2        8.66           2
   398     11         3        8.68           2
   398     11         4        9.11           2
   398     11         5        8.31           2
   398     11         6        8.31           2
   398     11         7        9.37           2
   398     11         8        9.16           2
   398     11         9       10.43           2
   398     11        10        8.66           2
   398     12         1        7.98           2
   398     12         2        7.07           2
   398     12         3        7.09           2
   398     12         4        7.47           2
   398     12         5        6.77           2
   398     12         6        6.77           2
   398     12         7        7.70           2
   398     12         8        7.51           2
   398     12         9        8.63           2
   398     12        10        7.07           2
   406      1         1        0.00           0
   406      1         2        0.00           0
   406      1         3        0.00           0
   406      1         4        0.00           0
   406      1         5        0.00           0
   406      1         6        0.00           0
   406      1         7        0.00           0
   406      1         8        0.00           0
   406      1         9        0.00           0
   406      1        10        0.00           0
   406      2         1        0.00           0
   406      2         2        0.00           0
   406      2         3        0.00           0
   406      2         4        0.00           0
   406      2         5        0.00           0
   406      2         6        0.00           0
   406      2         7        0.00           0
   406      2         8        0.00           0
   406      2         9        0.00           0
   406      2        10        0.00           0
   406      3         1        0.00           0
   406      3         2        0.00           0
   406      3         3        0.00           0
   406      3         4        0.00           0
   406      3         5        0.00           0
   406      3         6        0.00           0
   406      3         7        0.00           0
   406      3         8        0.00           0
   406      3         9        0.00           0
   406      3        10        0.00           0
   406      4         1        0.00           0
   406      4         2        0.00           0
   406      4         3        0.00           0
   406      4         4        0.00           0
   406      4         5        0.00           0
   406      4         6        0.00           0
   406      4         7        0.00           0
   406      4         8        0.00           0
   406      4         9        0.00           0
   406      4        10        0.00           0
   406      5         1        0.00           0
   406      5         2        0.00           0
   406      5         3        0.00           0
   406      5         4        0.00           0
   406      5         5        0.00           0
   406      5         6        0.00           0
   406      5         7        0.00           0
   406      5         8        0.00           0
   406      5         9        0.00           0
   406      5        10        0.00           0
   406      6         1        0.00           0
   406      6         2        0.00           0
   406      6         3        0.00           0
   406      6         4        0.00           0
   406      6         5        0.00           0
   406      6         6        0.00           0
   406      6         7        0.00           0
   406      6         8        0.00           0
   406      6         9        0.00           0
   406      6        10        0.00           0
   406      7         1        0.00           0
   406      7         2        0.00           0
   406      7         3        0.65           1
   406      7         4        0.00           0
   406      7         5        0.00           0
   406      7         6        0.00           0
   406      7         7        0.00           0
   406      7         8        0.00           0
   406      7         9        1.31           2
   406      7        10        0.00           0
   406      8         1        2.21           1
   406      8         2        1.65           2
   406      8         3        4.18           2
   406      8         4        0.83           1
   406      8         5        0.00           0
   406      8         6        0.00           0
   406      8         7        4.43           2
   406      8         8        4.43           2
   406      8         9        0.00           0
   406      8        10        0.00           0
   406      9         1        4.73           2
   406      9         2        3.85           2
   406      9         3        3.26           2
   406      9         4        5.05           2
   406      9         5        5.30           2
   406      9         6        5.16           2
   406      9         7        2.52           2
   406      9         8        2.52           2
   406      9         9        1.92           1
   406      9        10        5.30           2
   406     10         1        4.37           2
   406     10         2        3.80           2
   406     10         3        3.73           2
   406     10         4        3.87           2
   406     10         5        4.93           2
   406     10         6        4.96           2
   406     10         7        4.25           2
   406     10         8        4.25           2
   406     10         9        5.13           2
   406     10        10        4.83           2
   406     11         1        3.85           2
   406     11         2        4.24           2
   406     11         3        2.77           2
   406     11         4        4.19           2
   406     11         5        4.41           2
   406     11         6        4.44           2
   406     11         7        3.73           2
   406     11         8        3.73           2
   406     11         9        4.60           2
   406     11        10        4.44           2
   406     12         1        3.04           2
   406     12         2        3.73           2
   406     12         3        2.55           2
   406     12         4        3.73           2
   406     12         5        3.70           2
   406     12         6        3.73           2
   406     12         7        2.91           2
   406     12         8        2.91           2
   406     12         9        3.89           2
   406     12        10        3.73           2
   414      1         1        0.00           0
   414      1         2        0.00           0
   414      1         3        0.00           0
   414      1         4        0.00           0
   414      1         5        0.00           0
   414      1         6        0.00           0
   414      1         7        0.00           0
   414      1         8        0.00           0
   414      1         9        0.00           0
   414      1        10        0.00           0
   414      2         1        0.00           0
   414      2         2        0.00           0
   414      2         3        0.00           0
   414      2         4        0.00           0
   414      2         5        0.00           0
   414      2         6        0.00           0
   414      2         7        0.00           0
   414      2         8        0.00           0
   414      2         9        0.00           0
   414      2        10        0.00           0
   414      3         1        0.00           0
   414      3         2        0.00           0
   414      3         3        0.00           0
   414      3         4        0.00           0
   414      3         5        0.00           0
   414      3         6        0.00           0
   414      3         7        0.00           0
   414      3         8        0.00           0
   414      3         9        0.00           0
   414      3        10        0.00           0
   414      4         1        0.00           0
   414      4         2        0.00           0
   414      4         3        0.00           0
   414      4         4        0.00           0
   414      4         5        0.00           0
   414      4         6        0.00           0
   414      4         7        0.00           0
   414      4         8        0.00           0
   414      4         9        0.00           0
   414      4        10        0.00           0
   414      5         1        0.00           0
   414      5         2        0.00           0
   414      5         3        0.00           0
   414      5         4        0.00           0
   414      5         5        0.00           0
   414      5         6        0.00           0
   414      5         7        0.00           0
   414      5         8        0.00           0
   414      5         9        0.00           0
   414      5        10        0.00           0
   414      6         1        0.00           0
   414      6         2        0.00           0
   414      6         3        0.00           0
   414      6         4        0.00           0
   414      6         5        0.00           0
   414      6         6        0.00           0
   414      6         7        0.00           0
   414      6         8        0.00           0
   414      6         9        0.00           0
   414      6        10        0.00           0
   414      7         1        0.00           0
   414      7         2        0.00           0
   414      7         3        0.00           0
   414      7         4        0.00           0
   414      7         5        0.00           0
   414      7         6        0.00           0
   414      7         7        0.00           0
   414      7         8        0.00           0
   414      7         9        0.00           0
   414      7        10        0.00           0
   414      8         1        0.00           0
   414      8         2        0.00           0
   414      8         3        0.00           0
   414      8         4        0.00           0
   414      8         5        0.00           0
   414      8         6        0.00           0
   414      8         7        0.00           0
   414      8         8        0.00           0
   414      8         9        0.00           0
   414      8        10        0.00           0
   414      9         1        0.00           0
   414      9         2        0.00           0
   414      9         3        0.00           0
   414      9         4        0.00           0
   414      9         5        0.00           0
   414      9         6        0.00           0
   414      9         7        0.00           0
   414      9         8        0.65           1
   414      9         9        0.00           0
   414      9        10        0.00           0
   414     10         1        2.01           1
   414     10         2        4.03           2
   414     10         3        0.75           1
   414     10         4        0.97           1
   414     10         5        0.00           0
   414     10         6        0.75           1
   414     10         7        2.42           2
   414     10         8        0.70           1
   414     10         9        0.75           1
   414     10        10        0.00           0
   414     11         1        3.89           2
   414     11         2        3.26           2
   414     11         3        2.06           1
   414     11         4        2.08           1
   414     11         5        4.05           2
   414     11         6        2.86           2
   414     11         7        3.73           2
   414     11         8        3.96           2
   414     11         9        4.21           2
   414     11        10        4.05           2
   414     12         1        2.97           2
   414     12         2        2.41           2
   414     12         3        3.96           2
   414     12         4        3.90           2
   414     12         5        3.73           2
   414     12         6        3.73           2
   414     12         7        2.78           2
   414     12         8        3.05           2
   414     12         9        3.33           2
   414     12        10        3.73           2
   414     13         1        1.39           2
   414     13         2        1.59           2
   414     13         3        2.89           2
   414     13         4        2.82           2
   414     13         5        2.62           2
   414     13         6        2.62           2
   414     13         7        1.88           2
   414     13         8        2.09           2
   414     13         9        2.31           2
   414     13        10        2.62           2
   648      1         1        0.00           0
   648      1         2        0.00           0
   648      1         3        0.00           0
   648      1         4        0.00           0
   648      1         5        0.00           0
   648      1         6        0.00           0
   648      1         7        0.00           0
   648      1         8        0.00           0
   648      1         9        0.00           0
   648      1        10        0.00           0
   648      2         1        0.00           0
   648      2         2        0.00           0
   648      2         3        0.00           0
   648      2         4        0.00           0
   648      2         5        0.00           0
   648      2         6        0.00           0
   648      2         7        0.00           0
   648      2         8        0.00           0
   648      2         9        0.00           0
   648      2        10        0.00           0
   648      3         1        0.00           0
   648      3         2        0.00           0
   648      3         3        0.00           0
   648      3         4        0.00           0
   648      3         5        0.00           0
   648      3         6        0.00           0
   648      3         7        0.00           0
   648      3         8        0.00           0
   648      3         9        0.00           0
   648      3        10        0.00           0
   648      4         1        0.00           0
   648      4         2        0.00           0
   648      4         3        0.00           0
   648      4         4        0.00           0
   648      4         5        0.00           0
   648      4         6        0.00           0
   648      4         7        0.00           0
   648      4         8        0.00           0
   648      4         9        0.00           0
   648      4        10        0.00           0
   648      5         1        0.00           0
   648      5         2        0.00           0
   648      5         3        0.00           0
   648      5         4        0.00           0
   648      5         5        0.00           0
   648      5         6        0.00           0
   648      5         7        0.00           0
   648      5         8        0.00           0
   648      5         9        0.00           0
   648      5        10        0.00           0
   648      6         1        0.00           0
   648      6         2        0.00           0
   648      6         3        0.00           0
   648      6         4        0.00           0
   648      6         5        0.00           0
   648      6         6        0.00           0
   648      6         7        0.00           0
   648      6         8        0.00           0
   648      6         9        0.00           0
   648      6        10        0.00           0
   648      7         1        0.00           0
   648      7         2        0.00           0
   648      7         3        0.00           0
   648      7         4        0.00           0
   648      7         5        0.00           0
   648      7         6        0.00           0
   648      7         7        0.00           0
   648      7         8        0.00           0
   648      7         9        0.00           0
   648      7        10        0.00           0
   648      8         1        0.00           0
   648      8         2        0.00           0
   648      8         3        0.00           0
   648      8         4        0.00           0
   648      8         5        0.00           0
   648      8         6        0.00           0
   648      8         7        0.00           0
   648      8         8        0.00           0
   648      8         9        0.00           0
   648      8        10        0.00           0
   648      9         1        0.00           0
   648      9         2        0.00           0
   648      9         3        0.00           0
   648      9         4        0.00           0
   648      9         5        0.00           0
   648      9         6        0.00           0
   648      9         7        0.00           0
   648      9         8        0.00           0
   648      9         9        0.00           0
   648      9        10        0.00           0
   648     10         1        3.97           2
   648     10         2        1.98           1
   648     10         3        0.00           0
   648     10         4        3.97           2
   648     10         5        3.97           2
   648     10         6        1.98           1
   648     10         7        0.00           0
   648     10         8        1.26           1
   648     10         9        2.15           2
   648     10        10        3.97           2
   648     11         1        2.20           2
   648     11         2        3.46           2
   648     11         3        3.71           2
   648     11         4        3.19           2
   648     11         5        3.19           2
   648     11         6        3.83           2
   648     11         7        3.71           2
   648     11         8        4.01           2
   648     11         9        3.73           2
   648     11        10        3.19           2
   648     12         1        2.67           2
   648     12         2        3.01           2
   648     12         3        3.73           2
   648     12         4        2.36           2
   648     12         5        2.36           2
   648     12         6        2.89           2
   648     12         7        3.73           2
   648     12         8        2.15           2
   648     12         9        2.78           2
   648     12        10        2.36           2
   648     13         1        1.78           2
   648     13         2        2.05           2
   648     13         3        2.62           2
   648     13         4        1.53           2
   648     13         5        1.53           2
   648     13         6        1.96           2
   648     13         7        2.62           2
   648     13         8        2.43           2
   648     13         9        1.87           2
   648     13        10        1.53           2
   656      1         1        0.00           0
   656      1         2        0.00           0
   656      1         3        0.00           0
   656      1         4        0.00           0
   656      1         5        0.00           0
   656      1         6        0.00           0
   656      1         7        0.00           0
   656      1         8        0.00           0
   656      1         9        0.00           0
   656      1        10        0.00           0
   656      2         1        0.00           0
   656      2         2        0.00           0
   656      2         3        0.00           0
   656      2         4        0.00           0
   656      2         5        0.00           0
   656      2         6        0.00           0
   656      2         7        0.00           0
   656      2         8        0.00           0
   656      2         9        0.00           0
   656      2        10        0.00           0
   656      3         1        0.00           0
   656      3         2        0.00           0
   656      3         3        0.00           0
   656      3         4        0.00           0
   656      3         5        0.00           0
   656      3         6        0.00           0
   656      3         7        0.00           0
   656      3         8        0.00           0
   656      3         9        0.00           0
   656      3        10        0.00           0
   656      4         1        0.00           0
   656      4         2        0.18           1
   656      4         3        0.00           0
   656      4         4        0.00           0
   656      4         5        0.00           0
   656      4         6        0.00           0
   656      4         7        0.00           0
   656      4         8        0.00           0
   656      4         9        0.00           0
   656      4        10        0.00           0
   656      5         1        0.00           0
   656      5         2        0.00           0
   656      5         3        0.00           0
   656      5         4        0.00           0
   656      5         5        0.00           0
   656      5         6        0.00           0
   656      5         7        0.00           0
   656      5         8        0.00           0
   656      5         9        0.00           0
   656      5        10        0.00           0
   656      6         1        0.00           0
   656      6         2        0.00           0
   656      6         3        0.00           0
   656      6         4        0.00           0
   656      6         5        0.00           0
   656      6         6        0.00           0
   656      6         7        0.00           0
   656      6         8        0.00           0
   656      6         9        0.00           0
   656      6        10        0.00           0
   656      7         1        0.00           0
   656      7         2        0.00           0
   656      7         3        0.00           0
   656      7         4        0.00           0
   656      7         5        0.00           0
   656      7         6        0.00           0
   656      7         7        0.00           0
   656      7         8        0.00           0
   656      7         9        0.00           0
   656      7        10        0.00           0
   656      8         1        0.00           0
   656      8         2        1.61           1
   656      8         3        4.23           2
   656      8         4        1.64           1
   656      8         5        0.00 1.80482e-06
   656      8         6        4.37           2
   656      8         7        0.00           0
   656      8         8        4.37           2
   656      8         9        2.48           2
   656      8        10        0.00           0
   656      9         1        5.26           2
   656      9         2        4.57           2
   656      9         3        0.00           0
   656      9         4        4.82           2
   656      9         5        5.26           2
   656      9         6        2.51           2
   656      9         7        5.26           2
   656      9         8        4.13           2
   656      9         9        4.57           2
   656      9        10        5.09           2
   656     10         1        4.92           2
   656     10         2        4.22           2
   656     10         3        4.95           2
   656     10         4        4.48           2
   656     10         5        4.92           2
   656     10         6        4.22           2
   656     10         7        4.92           2
   656     10         8        2.17           2
   656     10         9        4.22           2
   656     10        10        4.95           2
   656     11         1        4.42           2
   656     11         2        3.73           2
   656     11         3        4.46           2
   656     11         4        3.98           2
   656     11         5        4.42           2
   656     11         6        3.73           2
   656     11         7        4.42           2
   656     11         8        3.73           2
   656     11         9        3.73           2
   656     11        10        4.45           2
   656     12         1        3.73           2
   656     12         2        2.93           2
   656     12         3        3.76           2
   656     12         4        3.23           2
   656     12         5        3.73           2
   656     12         6        2.93           2
   656     12         7        3.73           2
   656     12         8        2.93           2
   656     12         9        2.93           2
   656     12        10        3.76           2
   664      1         1        0.00           0
   664      1         2        0.00           0
   664      1         3        0.00           0
   664      1         4        0.00           0
   664      1         5        0.00           0
   664      1         6        0.00           0
   664      1         7        0.00           0
   664      1         8        0.00           0
   664      1         9        0.00           0
   664      1        10        0.00           0
   664      2         1        0.00           0
   664      2         2        0.00           0
   664      2         3        0.00           0
   664      2         4        0.00           0
   664      2         5        0.00           0
   664      2         6        0.00           0
   664      2         7        0.00           0
   664      2         8        0.00           0
   664      2         9        0.00           0
   664      2        10        0.00           0
   664      3         1        0.00           0
   664      3         2        0.00           0
   664      3         3        0.00           0
   664      3         4        0.00           0
   664      3         5        0.00           0
   664      3         6        0.00           0
   664      3         7        0.00           0
   664      3         8        0.00           0
   664      3         9        0.00           0
   664      3        10        0.00           0
   664      4         1        0.00           0
   664      4         2        0.00           0
   664      4         3        0.00           0
   664      4         4        0.00           0
   664      4         5        0.00           0
   664      4         6        0.00           0
   664      4         7        0.00           0
   664      4         8        0.00           0
   664      4         9        0.00           0
   664      4        10        0.00           0
   664      5         1        0.00           0
   664      5         2        0.00           0
   664      5         3        0.00           0
   664      5         4        0.00           0
   664      5         5        0.00           0
   664      5         6        0.00           0
   664      5         7        0.00           0
   664      5         8        0.00           0
   664      5         9        0.00           0
   664      5        10        0.00           0
   664      6         1        0.00           0
   664      6         2        0.00           0
   664      6         3        0.00           0
   664      6         4        0.00           0
   664      6         5        0.00           0
   664      6         6        0.00           0
   664      6         7        0.00           0
   664      6         8        0.00           0
   664      6         9        0.00           0
   664      6        10        0.00           0
   664      7         1        0.00           0
   664      7         2        0.00           0
   664      7         3        0.00           0
   664      7         4        0.00           0
   664      7         5        5.05           2
   664      7         6        0.00           0
   664      7         7        0.00           0
   664      7         8        5.05           2
   664      7         9        0.00           0
   664      7        10        5.05           2
   664      8         1        6.40           2
   664      8         2        6.40           2
   664      8         3        6.40           2
   664      8         4        6.40           2
   664      8         5        0.00           0
   664      8         6        6.40           2
   664      8         7        3.20           1
   664      8         8        0.00           0
   664      8         9        0.00           0
   664      8        10        2.14           1
   664      9         1        5.88           2
   664      9         2        5.88           2
   664      9         3        5.88           2
   664      9         4        6.55           2
   664      9         5        5.88           2
   664      9         6        6.55           2
   664      9         7        7.10           2
   664      9         8        6.55           2
   664      9         9        7.69           2
   664      9        10        0.00           0
   664     10         1        6.73           2
   664     10         2        6.73           2
   664     10         3        6.73           2
   664     10         4        6.55           2
   664     10         5        6.73           2
   664     10         6        5.50           2
   664     10         7        7.12           2
   664     10         8        6.50           2
   664     10         9        7.68           2
   664     10        10        7.25           2
   664     11         1        8.88           2
   664     11         2        8.88           2
   664     11         3        8.88           2
   664     11         4        8.54           2
   664     11         5        8.88           2
   664     11         6        9.07           2
   664     11         7        9.61           2
   664     11         8        8.56           2
   664     11         9       10.65           2
   664     11        10        9.85           2
   664     12         1        7.30           2
   664     12         2        7.30           2
   664     12         3        7.30           2
   664     12         4        7.00           2
   664     12         5        7.30           2
   664     12         6        7.47           2
   664     12         7        7.94           2
   664     12         8        7.02           2
   664     12         9        8.87           2
   664     12        10        8.16           2
   672      1         1        0.00           0
   672      1         2        0.00           0
   672      1         3        0.00           0
   672      1         4        0.00           0
   672      1         5        0.00           0
   672      1         6        0.00           0
   672      1         7        0.00           0
   672      1         8        0.00           0
   672      1         9        0.00           0
   672      1        10        0.00           0
   672      2         1        0.00           0
   672      2         2        0.00           0
   672      2         3        0.00           0
   672      2         4        0.00           0
   672      2         5        0.00           0
   672      2         6        0.00           0
   672      2         7        0.00           0
   672      2         8        0.00           0
   672      2         9        0.00           0
   672      2        10        0.00           0
   672      3         1        0.00           0
   672      3         2        0.00           0
   672      3         3        0.00           0
   672      3         4        0.00           0
   672      3         5        0.00           0
   672      3         6        0.00           0
   672      3         7        0.00           0
   672      3         8        0.00           0
   672      3         9        0.00           0
   672      3        10        0.00           0
   672      4         1        0.00           0
   672      4         2        0.00           0
   672      4         3        0.00           0
   672      4         4        0.00           0
   672      4         5        0.00           0
   672      4         6        0.00           0
   672      4         7        0.00           0
   672      4         8        0.00           0
   672      4         9        0.00           0
   672      4        10        0.00           0
   672      5         1        0.00           0
   672      5         2        0.00           0
   672      5         3        0.00           0
   672      5         4        0.00           0
   672      5         5        0.00           0
   672      5         6        0.00           0
   672      5         7        0.00           0
   672      5         8        0.00           0
   672      5         9        0.00           0
   672      5        10        0.00           0
   672      6         1        0.00           0
   672      6         2        0.00           0
   672      6         3        0.00           0
   672      6         4        0.00           0
   672      6         5        4.39           2
   672      6         6        0.00           0
   672      6         7        0.00           0
   672      6         8        0.00           0
   672      6         9        0.00           0
   672      6        10        0.00           0
   672      7         1        0.00           0
   672      7         2        0.00           0
   672      7         3        5.96           2
   672      7         4        0.00           0
   672      7         5        0.00           0
   672      7         6        0.00           0
   672      7         7        0.00           0
   672      7         8        0.00           0
   672      7         9        5.96           2
   672      7        10        0.00           0
   672      8         1        7.55           2
   672      8         2        0.00           0
   672      8         3        0.00           0
   672      8         4        7.55           2
   672      8         5        0.00           0
   672      8         6        7.55           2
   672      8         7        7.55           2
   672      8         8        7.55           2
   672      8         9        5.72           2
   672      8        10        7.55           2
   672      9         1        7.91           2
   672      9         2        9.05           2
   672      9         3        7.51           2
   672      9         4        7.42           2
   672      9         5        7.42           2
   672      9         6        7.91           2
   672      9         7        7.91           2
   672      9         8        1.48           1
   672      9         9        6.05           2
   672      9        10        7.42           2
   672     10         1       11.87           2
   672     10         2       13.98           2
   672     10         3       12.08           2
   672     10         4       12.13           2
   672     10         5       12.13           2
   672     10         6       11.87           2
   672     10         7       11.87           2
   672     10         8       13.52           2
   672     10         9       10.58           2
   672     10        10       12.13           2
   672     11         1       10.76           2
   672     11         2       12.62           2
   672     11         3       10.94           2
   672     11         4       10.98           2
   672     11         5       10.98           2
   672     11         6       10.76           2
   672     11         7       10.76           2
   672     11         8       12.21           2
   672     11         9        9.61           2
   672     11        10       10.98           2
   672     12         1        9.14           2
   672     12         2       10.79           2
   672     12         3        9.30           2
   672     12         4        9.34           2
   672     12         5        9.34           2
   672     12         6        9.14           2
   672     12         7        9.14           2
   672     12         8       10.43           2
   672     12         9        8.14           2
   672     12        10        9.34           2
