 Cycle Period  BidPrice Bid Volumes
   191      1         1        0.00
   191      1         2        0.00
   191      1         3        0.00
   191      1         4        0.00
   191      2         1        0.00
   191      2         2        0.00
   191      2         3        0.00
   191      2         4        0.00
   191      3         1        0.00
   191      3         2        0.00
   191      3         3        0.00
   191      3         4        0.00
   191      4         1        0.00
   191      4         2        0.00
   191      4         3        0.00
   191      4         4        0.00
   191      5         1        0.00
   191      5         2        0.00
   191      5         3        0.00
   191      5         4        0.00
   191      6         1        0.00
   191      6         2        0.00
   191      6         3        0.00
   191      6         4        0.00
   191      7         1        0.00
   191      7         2        0.00
   191      7         3        0.00
   191      7         4        0.00
   191      8         1        0.00
   191      8         2        0.00
   191      8         3        0.00
   191      8         4        0.00
   191      9         1        0.00
   191      9         2        0.00
   191      9         3        0.00
   191      9         4        0.00
   191     10         1        0.00
   191     10         2        0.00
   191     10         3        0.00
   191     10         4       18.71
   191     11         1        0.00
   191     11         2        0.00
   191     11         3        0.00
   191     11         4       31.71
   191     12         1        0.00
   191     12         2        0.00
   191     12         3        0.00
   191     12         4       23.68
   194      1         1        0.00
   194      1         2        0.00
   194      1         3        0.00
   194      1         4        0.00
   194      2         1        0.00
   194      2         2        0.00
   194      2         3        0.00
   194      2         4        0.00
   194      3         1        0.00
   194      3         2        0.00
   194      3         3        0.00
   194      3         4        0.00
   194      4         1        0.00
   194      4         2        0.00
   194      4         3        0.00
   194      4         4        0.00
   194      5         1        0.00
   194      5         2        0.00
   194      5         3        0.00
   194      5         4        0.00
   194      6         1        0.00
   194      6         2        0.00
   194      6         3        0.00
   194      6         4        0.00
   194      7         1        0.00
   194      7         2        0.00
   194      7         3        0.00
   194      7         4        0.00
   194      8         1        0.00
   194      8         2        0.00
   194      8         3        0.00
   194      8         4        0.00
   194      9         1        0.00
   194      9         2        0.00
   194      9         3        0.00
   194      9         4        0.00
   194     10         1       39.20
   194     10         2        0.00
   194     10         3       39.65
   194     10         4       36.40
   194     11         1        0.00
   194     11         2        0.00
   194     11         3       25.46
   194     11         4        0.00
   194     12         1        0.00
   194     12         2        0.00
   194     12         3       31.93
   194     12         4        0.00
   197      1         1        0.00
   197      1         2        0.00
   197      1         3        0.00
   197      1         4        0.00
   197      2         1        0.00
   197      2         2        0.00
   197      2         3        0.00
   197      2         4        0.00
   197      3         1        0.00
   197      3         2        0.00
   197      3         3        0.00
   197      3         4        0.00
   197      4         1        0.00
   197      4         2        0.00
   197      4         3        0.00
   197      4         4        0.00
   197      5         1        0.00
   197      5         2        0.00
   197      5         3        0.00
   197      5         4        0.00
   197      6         1        0.00
   197      6         2        0.00
   197      6         3        0.00
   197      6         4        0.00
   197      7         1        0.00
   197      7         2        0.00
   197      7         3        0.00
   197      7         4        0.00
   197      8         1        0.00
   197      8         2        0.00
   197      8         3        0.00
   197      8         4        0.00
   197      9         1       41.13
   197      9         2        0.00
   197      9         3        0.00
   197      9         4        0.00
   197     10         1        0.00
   197     10         2       31.05
   197     10         3        0.00
   197     10         4        0.00
   197     11         1       31.11
   197     11         2       33.25
   197     11         3       30.15
   197     11         4        0.00
   197     12         1        0.00
   197     12         2        0.00
   197     12         3       33.83
   197     12         4        0.00
   200      1         1        0.00
   200      1         2        0.00
   200      1         3        0.00
   200      1         4        0.00
   200      2         1        0.00
   200      2         2        0.00
   200      2         3        0.00
   200      2         4        0.00
   200      3         1        0.00
   200      3         2        0.00
   200      3         3        0.00
   200      3         4        0.00
   200      4         1        0.00
   200      4         2        0.00
   200      4         3        0.00
   200      4         4        0.00
   200      5         1        0.00
   200      5         2        0.00
   200      5         3        0.00
   200      5         4        0.00
   200      6         1        0.00
   200      6         2        0.00
   200      6         3        0.00
   200      6         4        0.00
   200      7         1        0.00
   200      7         2        0.00
   200      7         3        0.00
   200      7         4        0.00
   200      8         1        0.00
   200      8         2        0.00
   200      8         3        0.00
   200      8         4        0.00
   200      9         1        0.00
   200      9         2        0.00
   200      9         3        0.00
   200      9         4       48.34
   200     10         1        0.00
   200     10         2        0.00
   200     10         3       45.93
   200     10         4       45.93
   200     11         1        0.00
   200     11         2        0.00
   200     11         3        0.00
   200     11         4        0.00
   203      1         1        0.00
   203      1         2        0.00
   203      1         3        0.00
   203      1         4        0.00
   203      2         1        0.00
   203      2         2        0.00
   203      2         3        0.00
   203      2         4        0.00
   203      3         1        0.00
   203      3         2        0.00
   203      3         3        0.00
   203      3         4        0.00
   203      4         1        0.00
   203      4         2        0.00
   203      4         3        0.00
   203      4         4        0.00
   203      5         1        0.00
   203      5         2        0.00
   203      5         3        0.00
   203      5         4        0.00
   203      6         1        0.00
   203      6         2        0.00
   203      6         3        0.00
   203      6         4        0.00
   203      7         1        0.00
   203      7         2        0.00
   203      7         3        0.00
   203      7         4        0.00
   203      8         1        0.00
   203      8         2        0.00
   203      8         3        0.00
   203      8         4        0.00
   203      9         1        0.00
   203      9         2        0.00
   203      9         3        0.00
   203      9         4        0.00
   203     10         1       46.74
   203     10         2       46.74
   203     10         3       51.11
   203     10         4       54.20
   203     11         1       43.71
   203     11         2       43.71
   203     11         3        0.00
   203     11         4        0.00
   206      1         1        0.00
   206      1         2        0.00
   206      1         3        0.00
   206      1         4        0.00
   206      2         1        0.00
   206      2         2        0.00
   206      2         3        0.00
   206      2         4        0.00
   206      3         1        0.00
   206      3         2        0.00
   206      3         3        0.00
   206      3         4        0.00
   206      4         1        0.00
   206      4         2        0.00
   206      4         3        0.00
   206      4         4        0.00
   206      5         1        0.00
   206      5         2        0.00
   206      5         3        0.00
   206      5         4        0.00
   206      6         1        0.00
   206      6         2        0.00
   206      6         3        0.00
   206      6         4        0.00
   206      7         1        0.00
   206      7         2        0.00
   206      7         3        0.00
   206      7         4        0.00
   206      8         1        0.00
   206      8         2        0.00
   206      8         3        0.00
   206      8         4        0.00
   206      9         1        0.00
   206      9         2        0.00
   206      9         3        0.00
   206      9         4        0.00
   206     10         1        0.00
   206     10         2        0.00
   206     10         3        0.00
   206     10         4       63.82
   206     11         1        0.00
   206     11         2        0.00
   206     11         3        0.00
   206     11         4       87.61
   209      1         1        0.00
   209      1         2        0.00
   209      1         3        0.00
   209      1         4        0.00
   209      2         1        0.00
   209      2         2        0.00
   209      2         3        0.00
   209      2         4        0.00
   209      3         1        0.00
   209      3         2        0.00
   209      3         3        0.00
   209      3         4        0.00
   209      4         1        0.00
   209      4         2        0.00
   209      4         3        0.00
   209      4         4        0.00
   209      5         1        0.00
   209      5         2        0.00
   209      5         3        0.00
   209      5         4        0.00
   209      6         1        0.00
   209      6         2        0.00
   209      6         3        0.00
   209      6         4        0.00
   209      7         1        0.00
   209      7         2        0.00
   209      7         3        0.00
   209      7         4        0.00
   209      8         1        0.00
   209      8         2        0.00
   209      8         3        0.00
   209      8         4        0.00
   209      9         1        0.00
   209      9         2       70.81
   209      9         3       70.81
   209      9         4       70.81
   209     10         1        0.00
   209     10         2        0.00
   209     10         3      107.85
   209     10         4        0.00
   209     11         1        0.00
   209     11         2        0.00
   209     11         3       96.61
   209     11         4        0.00
   212      1         1        0.00
   212      1         2        0.00
   212      1         3        0.00
   212      1         4        0.00
   212      2         1        0.00
   212      2         2        0.00
   212      2         3        0.00
   212      2         4        0.00
   212      3         1        0.00
   212      3         2        0.00
   212      3         3        0.00
   212      3         4        0.00
   212      4         1        0.00
   212      4         2        0.00
   212      4         3        0.00
   212      4         4        0.00
   212      5         1        0.00
   212      5         2        0.00
   212      5         3        0.00
   212      5         4        0.00
   212      6         1        0.00
   212      6         2        0.00
   212      6         3        0.00
   212      6         4        0.00
   212      7         1        0.00
   212      7         2        0.00
   212      7         3        0.00
   212      7         4        0.00
   212      8         1        0.00
   212      8         2        0.00
   212      8         3        0.00
   212      8         4       62.15
   212      9         1        0.00
   212      9         2        0.00
   212      9         3        0.00
   212      9         4       74.47
   212     10         1        0.00
   212     10         2        0.00
   212     10         3       91.77
   212     10         4      113.73
   212     11         1       88.55
   212     11         2       88.55
   212     11         3       88.55
   212     11         4        0.00
   215      1         1        0.00
   215      1         2        0.00
   215      1         3        0.00
   215      1         4        0.00
   215      2         1        0.00
   215      2         2        0.00
   215      2         3        0.00
   215      2         4        0.00
   215      3         1        0.00
   215      3         2        0.00
   215      3         3        0.00
   215      3         4        0.00
   215      4         1        0.00
   215      4         2        0.00
   215      4         3        0.00
   215      4         4        0.00
   215      5         1        0.00
   215      5         2        0.00
   215      5         3        0.00
   215      5         4        0.00
   215      6         1        0.00
   215      6         2        0.00
   215      6         3        0.00
   215      6         4        0.00
   215      7         1        0.00
   215      7         2        0.00
   215      7         3        0.00
   215      7         4        0.00
   215      8         1        0.00
   215      8         2       63.85
   215      8         3       63.85
   215      8         4       63.85
   215      9         1        0.00
   215      9         2        0.00
   215      9         3        0.00
   215      9         4        0.00
   215     10         1        0.00
   215     10         2        0.00
   215     10         3        0.00
   215     10         4      102.37
   215     11         1       87.72
   215     11         2       96.81
   215     11         3        0.00
   215     11         4       92.62
   218      1         1        0.00
   218      1         2        0.00
   218      1         3        0.00
   218      1         4        0.00
   218      2         1        0.00
   218      2         2        0.00
   218      2         3        0.00
   218      2         4        0.00
   218      3         1        0.00
   218      3         2        0.00
   218      3         3        0.00
   218      3         4        0.00
   218      4         1        0.00
   218      4         2        0.00
   218      4         3        0.00
   218      4         4        0.00
   218      5         1        0.00
   218      5         2        0.00
   218      5         3        0.00
   218      5         4        0.00
   218      6         1        0.00
   218      6         2        0.00
   218      6         3        0.00
   218      6         4        0.00
   218      7         1        0.00
   218      7         2        0.00
   218      7         3        0.00
   218      7         4        0.00
   218      8         1        0.00
   218      8         2       67.21
   218      8         3        0.00
   218      8         4       64.81
   218      9         1        0.00
   218      9         2        0.00
   218      9         3        0.00
   218      9         4       63.87
   218     10         1       91.39
   218     10         2      104.64
   218     10         3      104.64
   218     10         4      104.64
   218     11         1        0.00
   218     11         2       94.93
   218     11         3       94.93
   218     11         4       94.93
   621      1         1        0.00
   621      1         2        0.00
   621      1         3        0.00
   621      1         4        0.00
   621      2         1        0.00
   621      2         2        0.00
   621      2         3        0.00
   621      2         4        0.00
   621      3         1        0.00
   621      3         2        0.00
   621      3         3        0.00
   621      3         4        0.00
   621      4         1        0.00
   621      4         2        0.00
   621      4         3        0.00
   621      4         4        0.00
   621      5         1        0.00
   621      5         2        0.00
   621      5         3        0.00
   621      5         4        0.00
   621      6         1        0.00
   621      6         2        0.00
   621      6         3        0.00
   621      6         4        0.00
   621      7         1        0.00
   621      7         2        0.00
   621      7         3        0.00
   621      7         4        0.00
   621      8         1        0.00
   621      8         2        0.00
   621      8         3       63.19
   621      8         4       63.19
   621      9         1        1.67
   621      9         2       61.73
   621      9         3       61.73
   621      9         4       61.73
   621     10         1      100.56
   621     10         2      100.56
   621     10         3       73.98
   621     10         4        0.00
   621     11         1        0.00
   621     11         2       65.28
   621     11         3       94.01
   621     11         4        0.00
   624      1         1        0.00
   624      1         2        0.00
   624      1         3        0.00
   624      1         4        0.00
   624      2         1        0.00
   624      2         2        0.00
   624      2         3        0.00
   624      2         4        0.00
   624      3         1        0.00
   624      3         2        0.00
   624      3         3        0.00
   624      3         4        0.00
   624      4         1        0.00
   624      4         2        0.00
   624      4         3        0.00
   624      4         4        0.00
   624      5         1        0.00
   624      5         2        0.00
   624      5         3        0.00
   624      5         4        0.00
   624      6         1        0.00
   624      6         2        0.00
   624      6         3        0.00
   624      6         4        0.00
   624      7         1        0.00
   624      7         2        0.00
   624      7         3        0.00
   624      7         4        0.00
   624      8         1       59.06
   624      8         2        0.00
   624      8         3       59.06
   624      8         4       59.06
   624      9         1        0.00
   624      9         2        0.00
   624      9         3        0.00
   624      9         4        0.00
   624     10         1        0.00
   624     10         2       87.49
   624     10         3       90.22
   624     10         4       90.22
   624     11         1        0.00
   624     11         2        0.00
   624     11         3        0.00
   624     11         4       80.80
   627      1         1        0.00
   627      1         2        0.00
   627      1         3        0.00
   627      1         4        0.00
   627      2         1        0.00
   627      2         2        0.00
   627      2         3        0.00
   627      2         4        0.00
   627      3         1        0.00
   627      3         2        0.00
   627      3         3        0.00
   627      3         4        0.00
   627      4         1        0.00
   627      4         2        0.00
   627      4         3        0.00
   627      4         4        0.00
   627      5         1        0.00
   627      5         2        0.00
   627      5         3        0.00
   627      5         4        0.00
   627      6         1        0.00
   627      6         2        0.00
   627      6         3        0.00
   627      6         4        0.00
   627      7         1        0.00
   627      7         2        0.00
   627      7         3        0.00
   627      7         4        0.00
   627      8         1        0.00
   627      8         2        0.00
   627      8         3        0.00
   627      8         4        0.00
   627      9         1        0.00
   627      9         2       64.79
   627      9         3        0.00
   627      9         4        0.00
   627     10         1        0.00
   627     10         2       65.05
   627     10         3       58.69
   627     10         4       58.69
   627     11         1        0.00
   627     11         2        0.00
   627     11         3       88.64
   627     11         4       88.64
   630      1         1        0.00
   630      1         2        0.00
   630      1         3        0.00
   630      1         4        0.00
   630      2         1        0.00
   630      2         2        0.00
   630      2         3        0.00
   630      2         4        0.00
   630      3         1        0.00
   630      3         2        0.00
   630      3         3        0.00
   630      3         4        0.00
   630      4         1        0.00
   630      4         2        0.00
   630      4         3        0.00
   630      4         4        0.00
   630      5         1        0.00
   630      5         2        0.00
   630      5         3        0.00
   630      5         4        0.00
   630      6         1        0.00
   630      6         2        0.00
   630      6         3        0.00
   630      6         4        0.00
   630      7         1        0.00
   630      7         2        0.00
   630      7         3        0.00
   630      7         4        0.00
   630      8         1        0.00
   630      8         2        0.00
   630      8         3        0.00
   630      8         4       43.62
   630      9         1        0.00
   630      9         2        0.00
   630      9         3        0.00
   630      9         4       43.38
   630     10         1        0.00
   630     10         2        0.00
   630     10         3       46.79
   630     10         4       41.91
   630     11         1        0.00
   630     11         2        0.00
   630     11         3        0.00
   630     11         4        0.00
   633      1         1        0.00
   633      1         2        0.00
   633      1         3        0.00
   633      1         4        0.00
   633      2         1        0.00
   633      2         2        0.00
   633      2         3        0.00
   633      2         4        0.00
   633      3         1        0.00
   633      3         2        0.00
   633      3         3        0.00
   633      3         4        0.00
   633      4         1        0.00
   633      4         2        0.00
   633      4         3        0.00
   633      4         4        0.00
   633      5         1        0.00
   633      5         2        0.00
   633      5         3        0.00
   633      5         4        0.00
   633      6         1        0.00
   633      6         2        0.00
   633      6         3        0.00
   633      6         4        0.00
   633      7         1        0.00
   633      7         2        0.00
   633      7         3        0.00
   633      7         4        0.00
   633      8         1        0.00
   633      8         2        0.00
   633      8         3        0.00
   633      8         4        0.00
   633      9         1       37.75
   633      9         2       50.94
   633      9         3        0.00
   633      9         4       44.35
   633     10         1       32.93
   633     10         2       42.41
   633     10         3       16.64
   633     10         4       47.71
   633     11         1        0.00
   633     11         2       43.99
   633     11         3       11.90
   633     11         4       43.98
   636      1         1        0.00
   636      1         2        0.00
   636      1         3        0.00
   636      1         4        0.00
   636      2         1        0.00
   636      2         2        0.00
   636      2         3        0.00
   636      2         4        0.00
   636      3         1        0.00
   636      3         2        0.00
   636      3         3        0.00
   636      3         4        0.00
   636      4         1        0.00
   636      4         2        0.00
   636      4         3        0.00
   636      4         4        0.00
   636      5         1        0.00
   636      5         2        0.00
   636      5         3        0.00
   636      5         4        0.00
   636      6         1        0.00
   636      6         2        0.00
   636      6         3        0.00
   636      6         4        0.00
   636      7         1        0.00
   636      7         2        0.00
   636      7         3        0.00
   636      7         4        0.00
   636      8         1        0.00
   636      8         2        0.00
   636      8         3        0.00
   636      8         4        0.00
   636      9         1        0.00
   636      9         2        0.00
   636      9         3       35.10
   636      9         4        0.00
   636     10         1        0.00
   636     10         2        0.00
   636     10         3       38.11
   636     10         4        0.00
   636     11         1       26.27
   636     11         2        0.00
   636     11         3       16.94
   636     11         4       31.72
   639      1         1        0.00
   639      1         2        0.00
   639      1         3        0.00
   639      1         4        0.00
   639      2         1        0.00
   639      2         2        0.00
   639      2         3        0.00
   639      2         4        0.00
   639      3         1        0.00
   639      3         2        0.00
   639      3         3        0.00
   639      3         4        0.00
   639      4         1        0.00
   639      4         2        0.00
   639      4         3        0.00
   639      4         4        0.00
   639      5         1        0.00
   639      5         2        0.00
   639      5         3        0.00
   639      5         4        0.00
   639      6         1        0.00
   639      6         2        0.00
   639      6         3        0.00
   639      6         4        0.00
   639      7         1        0.00
   639      7         2        0.00
   639      7         3        0.00
   639      7         4        0.00
   639      8         1        0.00
   639      8         2        0.00
   639      8         3        0.00
   639      8         4        0.00
   639      9         1       34.98
   639      9         2       20.87
   639      9         3       27.34
   639      9         4       34.98
   639     10         1        0.00
   639     10         2       20.07
   639     10         3       30.26
   639     10         4       30.26
   639     11         1       24.21
   639     11         2       19.52
   639     11         3        0.00
   639     11         4       24.22
   642      1         1        0.00
   642      1         2        0.00
   642      1         3        0.00
   642      1         4        0.00
   642      2         1        0.00
   642      2         2        0.00
   642      2         3        0.00
   642      2         4        0.00
   642      3         1        0.00
   642      3         2        0.00
   642      3         3        0.00
   642      3         4        0.00
   642      4         1        0.00
   642      4         2        0.00
   642      4         3        0.00
   642      4         4        0.00
   642      5         1        0.00
   642      5         2        0.00
   642      5         3        0.00
   642      5         4        0.00
   642      6         1        0.00
   642      6         2        0.00
   642      6         3        0.00
   642      6         4        0.00
   642      7         1        0.00
   642      7         2        0.00
   642      7         3        0.00
   642      7         4        0.00
   642      8         1        0.00
   642      8         2        0.00
   642      8         3        0.00
   642      8         4        0.00
   642      9         1        0.00
   642      9         2        0.00
   642      9         3        0.00
   642      9         4        0.00
   642     10         1        0.00
   642     10         2        0.00
   642     10         3        0.00
   642     10         4        0.00
   642     11         1       29.38
   642     11         2       29.38
   642     11         3       26.95
   642     11         4       32.99
   642     12         1        0.00
   642     12         2       21.98
   642     12         3        0.00
   642     12         4       25.31
   645      1         1        0.00
   645      1         2        0.00
   645      1         3        0.00
   645      1         4        0.00
   645      2         1        0.00
   645      2         2        0.00
   645      2         3        0.00
   645      2         4        0.00
   645      3         1        0.00
   645      3         2        0.00
   645      3         3        0.00
   645      3         4        0.00
   645      4         1        0.00
   645      4         2        0.00
   645      4         3        0.00
   645      4         4        0.00
   645      5         1        0.00
   645      5         2        0.00
   645      5         3        0.00
   645      5         4        0.00
   645      6         1        0.00
   645      6         2        0.00
   645      6         3        0.00
   645      6         4        0.00
   645      7         1        0.00
   645      7         2        0.00
   645      7         3        0.00
   645      7         4        0.00
   645      8         1        0.00
   645      8         2        0.00
   645      8         3        0.00
   645      8         4        0.00
   645      9         1        0.00
   645      9         2        0.00
   645      9         3        0.00
   645      9         4        0.00
   645     10         1        0.00
   645     10         2       12.48
   645     10         3        0.00
   645     10         4       22.77
   645     11         1        6.64
   645     11         2       29.10
   645     11         3       16.82
   645     11         4       18.26
   645     12         1       20.36
   645     12         2       17.99
   645     12         3        0.00
   645     12         4       18.48
   648      1         1        0.00
   648      1         2        0.00
   648      1         3        0.00
   648      1         4        0.00
   648      2         1        0.00
   648      2         2        0.00
   648      2         3        0.00
   648      2         4        0.00
   648      3         1        0.00
   648      3         2        0.00
   648      3         3        0.00
   648      3         4        0.00
   648      4         1        0.00
   648      4         2        0.00
   648      4         3        0.00
   648      4         4        0.00
   648      5         1        0.00
   648      5         2        0.00
   648      5         3        0.00
   648      5         4        0.00
   648      6         1        0.00
   648      6         2        0.00
   648      6         3        0.00
   648      6         4        0.00
   648      7         1        0.00
   648      7         2        0.00
   648      7         3        0.00
   648      7         4        0.00
   648      8         1        0.00
   648      8         2        0.00
   648      8         3        0.00
   648      8         4        0.00
   648      9         1        0.00
   648      9         2        0.00
   648      9         3        0.00
   648      9         4        0.00
   648     10         1        0.00
   648     10         2        0.00
   648     10         3        0.00
   648     10         4        0.00
   648     11         1        0.00
   648     11         2        0.00
   648     11         3        0.00
   648     11         4        0.00
   648     12         1        0.00
   648     12         2        0.00
   648     12         3        0.00
   648     12         4        0.00
  1102      1         1        0.00
  1102      1         2        0.00
  1102      1         3        0.00
  1102      1         4        0.00
  1102      2         1        0.00
  1102      2         2        0.00
  1102      2         3        0.00
  1102      2         4        0.00
  1102      3         1        0.00
  1102      3         2        0.00
  1102      3         3        0.00
  1102      3         4        0.00
  1102      4         1        0.00
  1102      4         2        0.00
  1102      4         3        0.00
  1102      4         4        0.00
  1102      5         1        0.00
  1102      5         2        0.00
  1102      5         3        0.00
  1102      5         4        0.00
  1102      6         1        0.00
  1102      6         2        0.00
  1102      6         3        0.00
  1102      6         4        0.00
  1102      7         1        0.00
  1102      7         2        0.00
  1102      7         3        0.00
  1102      7         4        0.00
  1102      8         1        0.00
  1102      8         2        0.00
  1102      8         3        0.00
  1102      8         4        0.00
  1102      9         1        0.00
  1102      9         2        0.00
  1102      9         3        0.00
  1102      9         4        0.00
  1102     10         1       15.88
  1102     10         2       13.39
  1102     10         3       12.18
  1102     10         4       32.70
  1102     11         1       31.59
  1102     11         2       25.39
  1102     11         3       25.90
  1102     11         4       25.90
  1102     12         1       17.29
  1102     12         2       13.64
  1102     12         3       19.08
  1102     12         4       19.08
  1105      1         1        0.00
  1105      1         2        0.00
  1105      1         3        0.00
  1105      1         4        0.00
  1105      2         1        0.00
  1105      2         2        0.00
  1105      2         3        0.00
  1105      2         4        0.00
  1105      3         1        0.00
  1105      3         2        0.00
  1105      3         3        0.00
  1105      3         4        0.00
  1105      4         1        0.00
  1105      4         2        0.00
  1105      4         3        0.00
  1105      4         4        0.00
  1105      5         1        0.00
  1105      5         2        0.00
  1105      5         3        0.00
  1105      5         4        0.00
  1105      6         1        0.00
  1105      6         2        0.00
  1105      6         3        0.00
  1105      6         4        0.00
  1105      7         1        0.00
  1105      7         2        0.00
  1105      7         3        0.00
  1105      7         4        0.00
  1105      8         1        0.00
  1105      8         2        0.00
  1105      8         3        0.00
  1105      8         4        0.00
  1105      9         1        0.00
  1105      9         2        0.00
  1105      9         3        0.00
  1105      9         4        0.00
  1105     10         1        0.00
  1105     10         2        0.00
  1105     10         3        0.00
  1105     10         4        0.00
  1105     11         1        0.00
  1105     11         2        0.00
  1105     11         3        0.00
  1105     11         4        0.00
  1105     12         1        0.00
  1105     12         2        0.00
  1105     12         3       18.05
  1105     12         4        0.00
  1108      1         1        0.00
  1108      1         2        0.00
  1108      1         3        0.00
  1108      1         4        0.00
  1108      2         1        0.00
  1108      2         2        0.00
  1108      2         3        0.00
  1108      2         4        0.00
  1108      3         1        0.00
  1108      3         2        0.00
  1108      3         3        0.00
  1108      3         4        0.00
  1108      4         1        0.00
  1108      4         2        0.00
  1108      4         3        0.00
  1108      4         4        0.00
  1108      5         1        0.00
  1108      5         2        0.00
  1108      5         3        0.00
  1108      5         4        0.00
  1108      6         1        0.00
  1108      6         2        0.00
  1108      6         3        0.00
  1108      6         4        0.00
  1108      7         1        0.00
  1108      7         2        0.00
  1108      7         3        0.00
  1108      7         4        0.00
  1108      8         1        0.00
  1108      8         2        0.00
  1108      8         3        0.00
  1108      8         4        0.00
  1108      9         1       24.98
  1108      9         2       19.02
  1108      9         3       24.98
  1108      9         4       24.98
  1108     10         1        0.00
  1108     10         2        0.00
  1108     10         3       15.13
  1108     10         4       11.08
  1108     11         1        0.00
  1108     11         2        0.00
  1108     11         3       25.53
  1108     11         4       25.53
  1108     12         1        0.00
  1108     12         2        0.00
  1108     12         3        0.00
  1108     12         4        0.00
  1111      1         1        0.00
  1111      1         2        0.00
  1111      1         3        0.00
  1111      1         4        0.00
  1111      2         1        0.00
  1111      2         2        0.00
  1111      2         3        0.00
  1111      2         4        0.00
  1111      3         1        0.00
  1111      3         2        0.00
  1111      3         3        0.00
  1111      3         4        0.00
  1111      4         1        0.00
  1111      4         2        0.00
  1111      4         3        0.00
  1111      4         4        0.00
  1111      5         1        0.00
  1111      5         2        0.00
  1111      5         3        0.00
  1111      5         4        0.00
  1111      6         1        0.00
  1111      6         2        0.00
  1111      6         3        0.00
  1111      6         4        0.00
  1111      7         1        0.00
  1111      7         2        0.00
  1111      7         3        0.00
  1111      7         4        0.00
  1111      8         1        0.00
  1111      8         2        0.00
  1111      8         3        0.00
  1111      8         4        0.00
  1111      9         1        0.00
  1111      9         2        0.00
  1111      9         3        0.00
  1111      9         4        0.00
  1111     10         1       41.53
  1111     10         2       13.39
  1111     10         3       27.79
  1111     10         4        0.00
  1111     11         1       34.61
  1111     11         2       23.62
  1111     11         3       32.38
  1111     11         4        0.00
  1111     12         1        0.00
  1111     12         2       24.54
  1111     12         3       20.53
  1111     12         4       23.75
  1114      1         1        0.00
  1114      1         2        0.00
  1114      1         3        0.00
  1114      1         4        0.00
  1114      2         1        0.00
  1114      2         2        0.00
  1114      2         3        0.00
  1114      2         4        0.00
  1114      3         1        0.00
  1114      3         2        0.00
  1114      3         3        0.00
  1114      3         4        0.00
  1114      4         1        0.00
  1114      4         2        0.00
  1114      4         3        0.00
  1114      4         4        0.00
  1114      5         1        0.00
  1114      5         2        0.00
  1114      5         3        0.00
  1114      5         4        0.00
  1114      6         1        0.00
  1114      6         2        0.00
  1114      6         3        0.00
  1114      6         4        0.00
  1114      7         1        0.00
  1114      7         2        0.00
  1114      7         3        0.00
  1114      7         4        0.00
  1114      8         1        0.00
  1114      8         2        0.00
  1114      8         3        0.00
  1114      8         4        0.00
  1114      9         1        0.00
  1114      9         2        0.00
  1114      9         3        0.00
  1114      9         4        0.00
  1114     10         1        0.00
  1114     10         2        0.00
  1114     10         3        0.00
  1114     10         4        0.00
  1114     11         1        0.00
  1114     11         2        0.00
  1114     11         3        0.00
  1114     11         4        0.00
  1117      1         1        0.00
  1117      1         2        0.00
  1117      1         3        0.00
  1117      1         4        0.00
  1117      2         1        0.00
  1117      2         2        0.00
  1117      2         3        0.00
  1117      2         4        0.00
  1117      3         1        0.00
  1117      3         2        0.00
  1117      3         3        0.00
  1117      3         4        0.00
  1117      4         1        0.00
  1117      4         2        0.00
  1117      4         3        0.00
  1117      4         4        0.00
  1117      5         1        0.00
  1117      5         2        0.00
  1117      5         3        0.00
  1117      5         4        0.00
  1117      6         1        0.00
  1117      6         2        0.00
  1117      6         3        0.00
  1117      6         4        0.00
  1117      7         1        0.00
  1117      7         2        0.00
  1117      7         3        0.00
  1117      7         4        0.00
  1117      8         1        0.00
  1117      8         2        0.00
  1117      8         3        0.00
  1117      8         4       46.11
  1117      9         1        0.00
  1117      9         2       39.94
  1117      9         3        0.00
  1117      9         4       45.71
  1117     10         1       46.04
  1117     10         2        0.00
  1117     10         3        0.00
  1117     10         4       44.03
  1117     11         1       40.73
  1117     11         2       40.73
  1117     11         3       40.73
  1117     11         4       40.73
