 Cycle Period  BidPrice Bid Volumes
   191      1         1        0.00
   191      1         2        0.00
   191      1         3        0.00
   191      1         4        0.00
   191      2         1        0.00
   191      2         2        0.00
   191      2         3        0.00
   191      2         4        0.00
   191      3         1        0.00
   191      3         2        0.00
   191      3         3        0.00
   191      3         4        0.00
   191      4         1        0.00
   191      4         2        0.00
   191      4         3        0.00
   191      4         4        0.00
   191      5         1        0.00
   191      5         2        0.00
   191      5         3        0.00
   191      5         4        0.00
   191      6         1        0.00
   191      6         2        0.00
   191      6         3        0.00
   191      6         4        0.00
   191      7         1        0.00
   191      7         2        0.00
   191      7         3        0.00
   191      7         4        0.00
   191      8         1        0.00
   191      8         2        0.00
   191      8         3        0.00
   191      8         4        0.00
   191      9         1        0.00
   191      9         2        0.00
   191      9         3        0.00
   191      9         4        0.00
   191     10         1        0.00
   191     10         2        0.00
   191     10         3       14.58
   191     10         4       34.03
   191     11         1        0.00
   191     11         2        0.00
   191     11         3       26.69
   191     11         4       31.70
   191     12         1        0.00
   191     12         2        0.00
   191     12         3       12.02
   191     12         4       22.85
   636      1         1        0.00
   636      1         2        0.00
   636      1         3        0.00
   636      1         4        0.00
   636      2         1        0.00
   636      2         2        0.00
   636      2         3        0.00
   636      2         4        0.00
   636      3         1        0.00
   636      3         2        0.00
   636      3         3        0.00
   636      3         4        0.00
   636      4         1        0.00
   636      4         2        0.00
   636      4         3        0.00
   636      4         4        0.00
   636      5         1        0.00
   636      5         2        0.00
   636      5         3        0.00
   636      5         4        0.00
   636      6         1        0.00
   636      6         2        0.00
   636      6         3        0.00
   636      6         4        0.00
   636      7         1        0.00
   636      7         2        0.00
   636      7         3        0.00
   636      7         4        0.00
   636      8         1        0.00
   636      8         2        0.00
   636      8         3        0.00
   636      8         4        0.00
   636      9         1        0.00
   636      9         2        0.00
   636      9         3        0.00
   636      9         4       40.60
   636     10         1        0.00
   636     10         2        0.00
   636     10         3        0.00
   636     10         4       35.47
   636     11         1        0.00
   636     11         2        0.00
   636     11         3       33.60
   636     11         4       33.60
   648      1         1        0.00
   648      1         2        0.00
   648      1         3        0.00
   648      1         4        0.00
   648      2         1        0.00
   648      2         2        0.00
   648      2         3        0.00
   648      2         4        0.00
   648      3         1        0.00
   648      3         2        0.00
   648      3         3        0.00
   648      3         4        0.00
   648      4         1        0.00
   648      4         2        0.00
   648      4         3        0.00
   648      4         4        0.00
   648      5         1        0.00
   648      5         2        0.00
   648      5         3        0.00
   648      5         4        0.00
   648      6         1        0.00
   648      6         2        0.00
   648      6         3        0.00
   648      6         4        0.00
   648      7         1        0.00
   648      7         2        0.00
   648      7         3        0.00
   648      7         4        0.00
   648      8         1        0.00
   648      8         2        0.00
   648      8         3        0.00
   648      8         4        0.00
   648      9         1        0.00
   648      9         2        0.00
   648      9         3        0.00
   648      9         4        0.00
   648     10         1        0.00
   648     10         2        0.00
   648     10         3        7.54
   648     10         4       33.75
   648     11         1        0.00
   648     11         2        0.00
   648     11         3       27.14
   648     11         4       27.14
   648     12         1        0.00
   648     12         2       15.90
   648     12         3        0.00
   648     12         4       20.05
  1111      1         1        0.00
  1111      1         2        0.00
  1111      1         3        0.00
  1111      1         4        0.00
  1111      2         1        0.00
  1111      2         2        0.00
  1111      2         3        0.00
  1111      2         4        0.00
  1111      3         1        0.00
  1111      3         2        0.00
  1111      3         3        0.00
  1111      3         4        0.00
  1111      4         1        0.00
  1111      4         2        0.00
  1111      4         3        0.00
  1111      4         4        0.00
  1111      5         1        0.00
  1111      5         2        0.00
  1111      5         3        0.00
  1111      5         4        0.00
  1111      6         1        0.00
  1111      6         2        0.00
  1111      6         3        0.00
  1111      6         4        0.00
  1111      7         1        0.00
  1111      7         2        0.00
  1111      7         3        0.00
  1111      7         4        0.00
  1111      8         1        0.00
  1111      8         2        0.00
  1111      8         3        0.00
  1111      8         4        0.00
  1111      9         1        0.00
  1111      9         2        0.00
  1111      9         3       11.65
  1111      9         4       39.01
  1111     10         1        0.00
  1111     10         2        0.00
  1111     10         3        0.00
  1111     10         4       16.81
  1111     11         1        0.00
  1111     11         2        0.00
  1111     11         3       33.14
  1111     11         4        0.00
  1111     12         1        0.00
  1111     12         2        0.00
  1111     12         3        0.00
  1111     12         4       20.62
   194      1         1        0.00
   194      1         2        0.00
   194      1         3        0.00
   194      1         4        0.00
   194      2         1        0.00
   194      2         2        0.00
   194      2         3        0.00
   194      2         4        0.00
   194      3         1        0.00
   194      3         2        0.00
   194      3         3        0.00
   194      3         4        0.00
   194      4         1        0.00
   194      4         2        0.00
   194      4         3        0.00
   194      4         4        0.00
   194      5         1        0.00
   194      5         2        0.00
   194      5         3        0.00
   194      5         4        0.00
   194      6         1        0.00
   194      6         2        0.00
   194      6         3        0.00
   194      6         4        0.00
   194      7         1        0.00
   194      7         2        0.00
   194      7         3        0.00
   194      7         4        0.00
   194      8         1        0.00
   194      8         2        0.00
   194      8         3        0.00
   194      8         4        0.00
   194      9         1        0.00
   194      9         2        0.00
   194      9         3        0.00
   194      9         4       -0.00
   194     10         1        0.00
   194     10         2        0.00
   194     10         3       30.70
   194     10         4       39.21
   194     11         1        0.00
   194     11         2        0.00
   194     11         3       24.17
   194     11         4       40.60
   194     12         1        3.90
   194     12         2       25.01
   194     12         3        2.11
   194     12         4       30.25
   642      1         1        0.00
   642      1         2        0.00
   642      1         3        0.00
   642      1         4        0.00
   642      2         1        0.00
   642      2         2        0.00
   642      2         3        0.00
   642      2         4        0.00
   642      3         1        0.00
   642      3         2        0.00
   642      3         3        0.00
   642      3         4        0.00
   642      4         1        0.00
   642      4         2        0.00
   642      4         3        0.00
   642      4         4        0.00
   642      5         1        0.00
   642      5         2        0.00
   642      5         3        0.00
   642      5         4        0.00
   642      6         1        0.00
   642      6         2        0.00
   642      6         3        0.00
   642      6         4        0.00
   642      7         1        0.00
   642      7         2        0.00
   642      7         3        0.00
   642      7         4        0.00
   642      8         1        0.00
   642      8         2        0.00
   642      8         3        0.00
   642      8         4        0.00
   642      9         1        0.00
   642      9         2        0.00
   642      9         3        0.00
   642      9         4        0.00
   642     10         1        0.00
   642     10         2        0.00
   642     10         3       10.86
   642     10         4       35.50
   642     11         1        0.00
   642     11         2        0.00
   642     11         3       29.38
   642     11         4       29.38
   642     12         1        0.00
   642     12         2        0.00
   642     12         3        0.00
   642     12         4        0.00
  1105      1         1        0.00
  1105      1         2        0.00
  1105      1         3        0.00
  1105      1         4        0.00
  1105      2         1        0.00
  1105      2         2        0.00
  1105      2         3        0.00
  1105      2         4        0.00
  1105      3         1        0.00
  1105      3         2        0.00
  1105      3         3        0.00
  1105      3         4        0.00
  1105      4         1        0.00
  1105      4         2        0.00
  1105      4         3        0.00
  1105      4         4        0.00
  1105      5         1        0.00
  1105      5         2        0.00
  1105      5         3        0.00
  1105      5         4        0.00
  1105      6         1        0.00
  1105      6         2        0.00
  1105      6         3        0.00
  1105      6         4        0.00
  1105      7         1        0.00
  1105      7         2        0.00
  1105      7         3        0.00
  1105      7         4        0.00
  1105      8         1        0.00
  1105      8         2        0.00
  1105      8         3        0.00
  1105      8         4        0.00
  1105      9         1        0.00
  1105      9         2        0.00
  1105      9         3        0.00
  1105      9         4        7.18
  1105     10         1        0.00
  1105     10         2        0.00
  1105     10         3        1.21
  1105     10         4       31.28
  1105     11         1       26.74
  1105     11         2        2.31
  1105     11         3       21.31
  1105     11         4       26.75
  1105     12         1        0.00
  1105     12         2        0.00
  1105     12         3       16.33
  1105     12         4       16.33
   197      1         1        0.00
   197      1         2        0.00
   197      1         3        0.00
   197      1         4        0.00
   197      2         1        0.00
   197      2         2        0.00
   197      2         3        0.00
   197      2         4        0.00
   197      3         1        0.00
   197      3         2        0.00
   197      3         3        0.00
   197      3         4        0.00
   197      4         1        0.00
   197      4         2        0.00
   197      4         3        0.00
   197      4         4        0.00
   197      5         1        0.00
   197      5         2        0.00
   197      5         3        0.00
   197      5         4        0.00
   197      6         1        0.00
   197      6         2        0.00
   197      6         3        0.00
   197      6         4        0.00
   197      7         1        0.00
   197      7         2        0.00
   197      7         3        0.00
   197      7         4        0.00
   197      8         1        0.00
   197      8         2        0.00
   197      8         3        0.00
   197      8         4       32.28
   197      9         1        0.00
   197      9         2        6.13
   197      9         3        0.00
   197      9         4       39.04
   197     10         1        0.00
   197     10         2        0.00
   197     10         3        0.00
   197     10         4        0.00
   197     11         1       11.01
   197     11         2        0.00
   197     11         3       34.93
   197     11         4       37.66
   197     12         1        0.00
   197     12         2        0.00
   197     12         3        0.00
   197     12         4       29.92
   645      1         1        0.00
   645      1         2        0.00
   645      1         3        0.00
   645      1         4        0.00
   645      2         1        0.00
   645      2         2        0.00
   645      2         3        0.00
   645      2         4        0.00
   645      3         1        0.00
   645      3         2        0.00
   645      3         3        0.00
   645      3         4        0.00
   645      4         1        0.00
   645      4         2        0.00
   645      4         3        0.00
   645      4         4        0.00
   645      5         1        0.00
   645      5         2        0.00
   645      5         3        0.00
   645      5         4        0.00
   645      6         1        0.00
   645      6         2        0.00
   645      6         3        0.00
   645      6         4        0.00
   645      7         1        0.00
   645      7         2        0.00
   645      7         3        0.00
   645      7         4        0.00
   645      8         1        0.00
   645      8         2        0.00
   645      8         3        0.00
   645      8         4        0.00
   645      9         1        0.00
   645      9         2        0.00
   645      9         3        0.00
   645      9         4        0.00
   645     10         1        0.00
   645     10         2        0.00
   645     10         3        0.00
   645     10         4       33.10
   645     11         1        0.00
   645     11         2        0.00
   645     11         3       26.40
   645     11         4       26.40
   645     12         1        0.00
   645     12         2        0.00
   645     12         3        0.00
   645     12         4       21.41
  1108      1         1        0.00
  1108      1         2        0.00
  1108      1         3        0.00
  1108      1         4        0.00
  1108      2         1        0.00
  1108      2         2        0.00
  1108      2         3        0.00
  1108      2         4        0.00
  1108      3         1        0.00
  1108      3         2        0.00
  1108      3         3        0.00
  1108      3         4        0.00
  1108      4         1        0.00
  1108      4         2        0.00
  1108      4         3        0.00
  1108      4         4        0.00
  1108      5         1        0.00
  1108      5         2        0.00
  1108      5         3        0.00
  1108      5         4        0.00
  1108      6         1        0.00
  1108      6         2        0.00
  1108      6         3        0.00
  1108      6         4        0.00
  1108      7         1        0.00
  1108      7         2        0.00
  1108      7         3        0.00
  1108      7         4        0.00
  1108      8         1        0.00
  1108      8         2        0.00
  1108      8         3        0.00
  1108      8         4        0.00
  1108      9         1        0.00
  1108      9         2        0.00
  1108      9         3       12.74
  1108      9         4       29.35
  1108     10         1        0.00
  1108     10         2        0.00
  1108     10         3        0.00
  1108     10         4       24.49
  1108     11         1        0.00
  1108     11         2        0.00
  1108     11         3       21.09
  1108     11         4       24.56
  1108     12         1        0.00
  1108     12         2        0.00
  1108     12         3       10.40
  1108     12         4       14.42
