 Cycle Period  Scenario   Power Gen   #Turbines
   191      1         1        0.00           0
   191      1         2        0.00           0
   191      1         3        0.00           0
   191      1         4        0.00           0
   191      1         5        0.00           0
   191      1         6        0.00           0
   191      1         7        0.00           0
   191      1         8        0.00           0
   191      1         9        0.00           0
   191      1        10        0.00           0
   191      1        11        0.00           0
   191      1        12        0.00           0
   191      1        13        0.00           0
   191      1        14        0.00           0
   191      1        15        0.00           0
   191      2         1        0.00           0
   191      2         2        0.00           0
   191      2         3        0.00           0
   191      2         4        0.00           0
   191      2         5        0.00           0
   191      2         6        0.00           0
   191      2         7        0.00           0
   191      2         8        0.00           0
   191      2         9        0.00           0
   191      2        10        0.00           0
   191      2        11        0.00           0
   191      2        12        0.00           0
   191      2        13        0.00           0
   191      2        14        0.00           0
   191      2        15        0.00           0
   191      3         1        0.00           0
   191      3         2        0.00           0
   191      3         3        0.00           0
   191      3         4        0.00           0
   191      3         5        0.00           0
   191      3         6        0.00           0
   191      3         7        0.00           0
   191      3         8        0.00           0
   191      3         9        0.00           0
   191      3        10        0.00           0
   191      3        11        0.00           0
   191      3        12        0.00           0
   191      3        13        0.00           0
   191      3        14        0.00           0
   191      3        15        0.00           0
   191      4         1        0.00           0
   191      4         2        0.00           0
   191      4         3        0.00           0
   191      4         4        0.00           0
   191      4         5        0.00           0
   191      4         6        0.00           0
   191      4         7        0.00           0
   191      4         8        0.00           0
   191      4         9        0.00           0
   191      4        10        0.00           0
   191      4        11        0.00           0
   191      4        12        0.00           0
   191      4        13        0.00           0
   191      4        14        0.00           0
   191      4        15        0.00           0
   191      5         1        0.00           0
   191      5         2        0.00           0
   191      5         3        0.00           0
   191      5         4        0.00           0
   191      5         5        0.00           0
   191      5         6        0.00           0
   191      5         7        0.00           0
   191      5         8        0.00           0
   191      5         9        0.00           0
   191      5        10        0.00           0
   191      5        11        0.00           0
   191      5        12        0.00           0
   191      5        13        0.00           0
   191      5        14        0.00           0
   191      5        15        0.00           0
   191      6         1        0.00           0
   191      6         2        0.00           0
   191      6         3        0.00           0
   191      6         4        0.00           0
   191      6         5        0.00           0
   191      6         6        0.00           0
   191      6         7        0.00           0
   191      6         8        5.27           1
   191      6         9        0.00           0
   191      6        10        0.00           0
   191      6        11        0.00           0
   191      6        12        0.00           0
   191      6        13        0.00           0
   191      6        14        0.00           0
   191      6        15        0.00           0
   191      7         1        0.00           0
   191      7         2        0.00           0
   191      7         3        0.00           0
   191      7         4        0.00           0
   191      7         5        0.00           0
   191      7         6        0.00           0
   191      7         7        0.00           0
   191      7         8        0.00           0
   191      7         9        0.00           0
   191      7        10        0.00           0
   191      7        11        0.00           0
   191      7        12        0.00           0
   191      7        13        0.00           0
   191      7        14        0.00           0
   191      7        15        7.18           1
   191      8         1        0.00           0
   191      8         2        0.00           0
   191      8         3        0.00           0
   191      8         4       18.27           2
   191      8         5        0.00           0
   191      8         6        0.00           0
   191      8         7        0.00           0
   191      8         8        8.35           1
   191      8         9        0.00           0
   191      8        10        0.00           0
   191      8        11        0.00           0
   191      8        12       18.27           2
   191      8        13        0.00           0
   191      8        14        0.00           0
   191      8        15        0.00           0
   191      9         1       11.01           1
   191      9         2        0.00           0
   191      9         3        0.00           0
   191      9         4        9.43           1
   191      9         5        0.00           0
   191      9         6       22.02           2
   191      9         7        0.00           0
   191      9         8        0.00           0
   191      9         9        0.00           0
   191      9        10        0.00           0
   191      9        11       11.01           1
   191      9        12        0.00           0
   191      9        13        0.00           0
   191      9        14        0.00           0
   191      9        15        0.00           0
   191     10         1       43.81           2
   191     10         2       46.71           2
   191     10         3       68.04           2
   191     10         4       54.16           2
   191     10         5       39.49           2
   191     10         6       59.02           2
   191     10         7       68.04           2
   191     10         8        0.00           0
   191     10         9       68.04           2
   191     10        10        0.00           0
   191     10        11       63.81           2
   191     10        12       59.02           2
   191     10        13       39.49           2
   191     10        14       34.02           1
   191     10        15       25.18           1
   191     11         1       56.44           2
   191     11         2       61.30           2
   191     11         3       55.07           2
   191     11         4       29.65           2
   191     11         5       63.41           2
   191     11         6       46.28           2
   191     11         7       55.07           2
   191     11         8       66.99           2
   191     11         9       20.95           2
   191     11        10       67.02           2
   191     11        11       50.21           2
   191     11        12       18.09           2
   191     11        13       43.53           2
   191     11        14       65.80           2
   191     11        15       63.41           2
   191     12         1       41.85           2
   191     12         2       45.69           2
   191     12         3       40.77           2
   191     12         4       34.84           2
   191     12         5       47.35           2
   191     12         6       33.85           2
   191     12         7       40.77           2
   191     12         8       51.47           2
   191     12         9       51.47           2
   191     12        10       63.41           2
   191     12        11       15.06           2
   191     12        12       42.68           2
   191     12        13       53.58           2
   191     12        14       50.10           2
   191     12        15       47.35           2
   636      1         1        0.00           0
   636      1         2        0.00           0
   636      1         3        0.00           0
   636      1         4        0.00           0
   636      1         5        0.00           0
   636      1         6        0.00           0
   636      1         7        0.00           0
   636      1         8        0.00           0
   636      1         9        0.00           0
   636      1        10        0.00           0
   636      1        11        0.00           0
   636      1        12        0.00           0
   636      1        13        0.00           0
   636      1        14        0.00           0
   636      1        15        0.00           0
   636      2         1        0.00           0
   636      2         2        0.00           0
   636      2         3        0.00           0
   636      2         4        0.00           0
   636      2         5        0.00           0
   636      2         6        0.00           0
   636      2         7        0.00           0
   636      2         8        0.00           0
   636      2         9        0.00           0
   636      2        10        0.00           0
   636      2        11        0.00           0
   636      2        12        0.00           0
   636      2        13        0.00           0
   636      2        14        0.00           0
   636      2        15        0.00           0
   636      3         1        0.00           0
   636      3         2        0.00           0
   636      3         3        0.00           0
   636      3         4        0.00           0
   636      3         5        0.00           0
   636      3         6        0.00           0
   636      3         7        0.00           0
   636      3         8        0.00           0
   636      3         9        0.00           0
   636      3        10        0.00           0
   636      3        11        0.00           0
   636      3        12        0.00           0
   636      3        13        0.00           0
   636      3        14        0.00           0
   636      3        15        0.00           0
   636      4         1        0.00           0
   636      4         2        0.00           0
   636      4         3        0.00           0
   636      4         4        0.00           0
   636      4         5        0.00           0
   636      4         6        0.00           0
   636      4         7        0.00           0
   636      4         8        0.00           0
   636      4         9        0.00           0
   636      4        10        0.00           0
   636      4        11        0.00           0
   636      4        12        0.00           0
   636      4        13        0.00           0
   636      4        14        0.00           0
   636      4        15        0.00           0
   636      5         1        0.00           0
   636      5         2        0.00           0
   636      5         3        0.00           0
   636      5         4        0.00           0
   636      5         5        0.00           0
   636      5         6        0.00           0
   636      5         7        0.00           0
   636      5         8        0.00           0
   636      5         9        0.00           0
   636      5        10        0.00           0
   636      5        11        0.00           0
   636      5        12        0.00           0
   636      5        13        0.00           0
   636      5        14        0.00           0
   636      5        15        0.00           0
   636      6         1        0.00           0
   636      6         2        0.00           0
   636      6         3        0.00           0
   636      6         4        0.00           0
   636      6         5        0.00           0
   636      6         6        0.00           0
   636      6         7        0.00           0
   636      6         8        0.00           0
   636      6         9        0.00           0
   636      6        10        0.00           0
   636      6        11        0.00           0
   636      6        12        0.00           0
   636      6        13        0.00           0
   636      6        14        0.00           0
   636      6        15        0.00           0
   636      7         1        0.00           0
   636      7         2        0.00           0
   636      7         3        0.00           0
   636      7         4        0.00           0
   636      7         5        0.00           0
   636      7         6        0.00           0
   636      7         7        0.00           0
   636      7         8        0.00           0
   636      7         9        0.00           0
   636      7        10        0.00           0
   636      7        11        0.00           0
   636      7        12        0.00           0
   636      7        13        0.00           0
   636      7        14        0.00           0
   636      7        15        0.00           0
   636      8         1        0.00           0
   636      8         2       13.03           1
   636      8         3        0.00           0
   636      8         4       69.86           2
   636      8         5        0.00           0
   636      8         6        0.00           0
   636      8         7        0.00           0
   636      8         8        0.00           0
   636      8         9        0.00           0
   636      8        10        0.00           0
   636      8        11       13.03           1
   636      8        12        0.00           0
   636      8        13        0.00           0
   636      8        14       45.46           2
   636      8        15        0.00           0
   636      9         1       83.73           2
   636      9         2       77.93           2
   636      9         3       83.73           2
   636      9         4       12.02           1
   636      9         5       83.73           2
   636      9         6       83.73           2
   636      9         7       55.99           2
   636      9         8       83.73           2
   636      9         9       83.73           2
   636      9        10       83.73           2
   636      9        11       54.58           2
   636      9        12        0.00           0
   636      9        13       57.48           2
   636      9        14       70.47           2
   636      9        15       67.56           2
   636     10         1       14.30           1
   636     10         2       72.86           2
   636     10         3       76.66           2
   636     10         4       70.87           2
   636     10         5       76.66           2
   636     10         6       76.66           2
   636     10         7       71.68           2
   636     10         8       76.66           2
   636     10         9       62.97           2
   636     10        10       76.66           2
   636     10        11       77.86           2
   636     10        12       95.96           2
   636     10        13       70.23           2
   636     10        14       63.41           2
   636     10        15       60.52           2
   636     11         1       82.28           2
   636     11         2       63.41           2
   636     11         3       67.21           2
   636     11         4       63.41           2
   636     11         5       67.21           2
   636     11         6       67.21           2
   636     11         7       75.86           2
   636     11         8       67.21           2
   636     11         9       52.91           2
   636     11        10       67.21           2
   636     11        11       68.40           2
   636     11        12       86.51           2
   636     11        13       75.86           2
   636     11        14       20.13           2
   636     11        15       75.86           2
   648      1         1        0.00           0
   648      1         2        0.00           0
   648      1         3        0.00           0
   648      1         4        0.00           0
   648      1         5        0.00           0
   648      1         6        0.00           0
   648      1         7        0.00           0
   648      1         8        0.00           0
   648      1         9        0.00           0
   648      1        10        0.00           0
   648      1        11        0.00           0
   648      1        12        0.00           0
   648      1        13        0.00           0
   648      1        14        0.00           0
   648      1        15        0.00           0
   648      2         1        0.00           0
   648      2         2        0.00           0
   648      2         3        0.00           0
   648      2         4        0.00           0
   648      2         5        0.00           0
   648      2         6        0.00           0
   648      2         7        0.00           0
   648      2         8        0.00           0
   648      2         9        0.00           0
   648      2        10        0.00           0
   648      2        11        0.00           0
   648      2        12        0.00           0
   648      2        13        0.00           0
   648      2        14        0.00           0
   648      2        15        0.00           0
   648      3         1        0.00           0
   648      3         2        0.00           0
   648      3         3        0.00           0
   648      3         4        0.00           0
   648      3         5        0.00           0
   648      3         6        0.00           0
   648      3         7        0.00           0
   648      3         8        0.00           0
   648      3         9        0.00           0
   648      3        10        0.00           0
   648      3        11        0.00           0
   648      3        12        0.00           0
   648      3        13        0.00           0
   648      3        14        0.00           0
   648      3        15        0.00           0
   648      4         1        0.00           0
   648      4         2        0.00           0
   648      4         3        0.00           0
   648      4         4        0.00           0
   648      4         5        0.00           0
   648      4         6        0.00           0
   648      4         7        0.00           0
   648      4         8        0.00           0
   648      4         9        0.00           0
   648      4        10        0.00           0
   648      4        11        0.00           0
   648      4        12        0.00           0
   648      4        13        0.00           0
   648      4        14        0.00           0
   648      4        15        0.00           0
   648      5         1        0.00           0
   648      5         2        0.00           0
   648      5         3        0.00           0
   648      5         4        0.00           0
   648      5         5        0.00           0
   648      5         6        0.00           0
   648      5         7        0.00           0
   648      5         8        0.00           0
   648      5         9        0.00           0
   648      5        10        0.00           0
   648      5        11        0.00           0
   648      5        12        0.00           0
   648      5        13        0.00           0
   648      5        14        0.00           0
   648      5        15        0.00           0
   648      6         1        0.00           0
   648      6         2        0.00           0
   648      6         3        0.00           0
   648      6         4        0.00           0
   648      6         5        0.00           0
   648      6         6        0.00           0
   648      6         7        0.00           0
   648      6         8        0.00           0
   648      6         9        0.00           0
   648      6        10        0.00           0
   648      6        11        0.00           0
   648      6        12        0.00           0
   648      6        13        0.00           0
   648      6        14        0.00           0
   648      6        15        0.00           0
   648      7         1        0.00           0
   648      7         2        0.00           0
   648      7         3        0.00           0
   648      7         4        0.00           0
   648      7         5        0.00           0
   648      7         6        0.00           0
   648      7         7        0.00           0
   648      7         8        0.00           0
   648      7         9        0.00           0
   648      7        10        0.00           0
   648      7        11        0.00           0
   648      7        12        0.00           0
   648      7        13        0.00           0
   648      7        14        0.00           0
   648      7        15        0.00           0
   648      8         1        0.00           0
   648      8         2        0.00           0
   648      8         3        0.00           0
   648      8         4        0.00           0
   648      8         5        0.00           0
   648      8         6        0.00           0
   648      8         7        0.00           0
   648      8         8        0.00           0
   648      8         9        0.00           0
   648      8        10        0.00           0
   648      8        11        0.00           0
   648      8        12        0.00           0
   648      8        13        0.00           0
   648      8        14        0.00           0
   648      8        15        0.00           0
   648      9         1        0.00           0
   648      9         2        0.00           0
   648      9         3        0.00           0
   648      9         4        0.00           0
   648      9         5        0.00           0
   648      9         6        0.00           0
   648      9         7        0.00           0
   648      9         8        0.00           0
   648      9         9        0.00           0
   648      9        10        0.00           0
   648      9        11        0.00           0
   648      9        12        0.00           0
   648      9        13        0.00           0
   648      9        14        0.00           0
   648      9        15        0.00           0
   648     10         1       67.46           2
   648     10         2       67.46           2
   648     10         3       67.46           2
   648     10         4       33.73           1
   648     10         5       67.46           2
   648     10         6       60.23           2
   648     10         7       33.73           1
   648     10         8       67.46           2
   648     10         9       33.73           1
   648     10        10       67.46           2
   648     10        11       67.46           2
   648     10        12       12.58           1
   648     10        13       67.46           2
   648     10        14       67.46           2
   648     10        15       36.51           2
   648     11         1       54.29           2
   648     11         2       54.29           2
   648     11         3       54.29           2
   648     11         4       65.12           2
   648     11         5       54.29           2
   648     11         6       56.42           2
   648     11         7       65.12           2
   648     11         8       54.29           2
   648     11         9       65.12           2
   648     11        10       54.29           2
   648     11        11       54.29           2
   648     11        12       35.27           1
   648     11        13       54.29           2
   648     11        14       54.29           2
   648     11        15       63.41           2
   648     12         1       40.07           2
   648     12         2       28.07           2
   648     12         3       28.68           2
   648     12         4       49.22           2
   648     12         5       16.08           2
   648     12         6       41.74           2
   648     12         7       49.22           2
   648     12         8       40.07           2
   648     12         9       49.22           2
   648     12        10       40.07           2
   648     12        11       40.07           2
   648     12        12       66.13           2
   648     12        13       40.07           2
   648     12        14       40.07           2
   648     12        15       47.25           2
  1111      1         1        0.00           0
  1111      1         2        0.00           0
  1111      1         3        0.00           0
  1111      1         4        0.00           0
  1111      1         5        0.00           0
  1111      1         6        0.00           0
  1111      1         7        0.00           0
  1111      1         8        0.00           0
  1111      1         9        0.00           0
  1111      1        10        0.00           0
  1111      1        11        0.00           0
  1111      1        12        0.00           0
  1111      1        13        0.00           0
  1111      1        14        0.00           0
  1111      1        15        0.00           0
  1111      2         1        0.00           0
  1111      2         2        0.00           0
  1111      2         3        0.00           0
  1111      2         4        0.00           0
  1111      2         5        0.00           0
  1111      2         6        0.00           0
  1111      2         7        0.00           0
  1111      2         8        0.00           0
  1111      2         9        0.00           0
  1111      2        10        0.00           0
  1111      2        11        0.00           0
  1111      2        12        0.00           0
  1111      2        13        0.00           0
  1111      2        14        0.00           0
  1111      2        15        0.00           0
  1111      3         1        0.00           0
  1111      3         2        0.00           0
  1111      3         3        0.00           0
  1111      3         4        0.00           0
  1111      3         5        0.00           0
  1111      3         6        0.00           0
  1111      3         7        0.00           0
  1111      3         8        0.00           0
  1111      3         9        0.00           0
  1111      3        10        0.00           0
  1111      3        11        0.00           0
  1111      3        12        0.00           0
  1111      3        13        0.00           0
  1111      3        14        0.00           0
  1111      3        15        0.00           0
  1111      4         1        0.00           0
  1111      4         2        0.00           0
  1111      4         3        0.00           0
  1111      4         4        0.00           0
  1111      4         5        0.00           0
  1111      4         6        0.00           0
  1111      4         7        0.00           0
  1111      4         8        0.00           0
  1111      4         9        0.00           0
  1111      4        10        0.00           0
  1111      4        11        0.00           0
  1111      4        12        0.00           0
  1111      4        13        0.00           0
  1111      4        14        0.00           0
  1111      4        15        0.00           0
  1111      5         1        0.00           0
  1111      5         2        0.00           0
  1111      5         3        0.00           0
  1111      5         4        0.00           0
  1111      5         5        0.00           0
  1111      5         6        0.00           0
  1111      5         7        0.00           0
  1111      5         8        0.00           0
  1111      5         9        0.00           0
  1111      5        10        0.00           0
  1111      5        11        0.00           0
  1111      5        12        0.00           0
  1111      5        13        0.00           0
  1111      5        14        0.00           0
  1111      5        15        0.00           0
  1111      6         1        0.00           0
  1111      6         2        0.00           0
  1111      6         3        0.00           0
  1111      6         4        0.00           0
  1111      6         5        0.00           0
  1111      6         6        0.00           0
  1111      6         7        0.00           0
  1111      6         8        0.00           0
  1111      6         9        0.00           0
  1111      6        10        0.00           0
  1111      6        11        0.00           0
  1111      6        12        0.00           0
  1111      6        13        0.00           0
  1111      6        14        0.00           0
  1111      6        15        0.00           0
  1111      7         1        0.00           0
  1111      7         2        0.00           0
  1111      7         3        0.00           0
  1111      7         4        0.00           0
  1111      7         5        9.76           1
  1111      7         6        0.00           0
  1111      7         7        0.00           0
  1111      7         8        0.00           0
  1111      7         9        0.00           0
  1111      7        10        0.00           0
  1111      7        11        0.00           0
  1111      7        12        0.00           0
  1111      7        13        0.00           0
  1111      7        14        0.00           0
  1111      7        15        0.00           0
  1111      8         1       66.62           2
  1111      8         2        0.00           0
  1111      8         3       57.65           2
  1111      8         4       57.65           2
  1111      8         5       50.31           2
  1111      8         6       57.65           2
  1111      8         7       12.43           1
  1111      8         8        0.00           0
  1111      8         9        0.00           0
  1111      8        10        0.00           0
  1111      8        11       57.65           2
  1111      8        12        0.00           0
  1111      8        13        0.00           0
  1111      8        14        0.00           0
  1111      8        15        0.00           0
  1111      9         1        0.00           0
  1111      9         2       40.19           1
  1111      9         3       37.84           2
  1111      9         4       63.41           2
  1111      9         5       29.62           1
  1111      9         6       37.84           2
  1111      9         7       76.15           2
  1111      9         8       80.38           2
  1111      9         9       40.19           1
  1111      9        10       29.99           2
  1111      9        11       37.84           2
  1111      9        12        0.00           0
  1111      9        13       21.52           1
  1111      9        14       78.42           2
  1111      9        15       14.99           1
  1111     10         1       27.39           2
  1111     10         2       83.05           2
  1111     10         3       63.41           2
  1111     10         4       55.39           2
  1111     10         5       11.83           1
  1111     10         6       29.71           2
  1111     10         7       69.18           2
  1111     10         8        0.00           0
  1111     10         9       41.53           1
  1111     10        10       82.71           2
  1111     10        11       63.41           2
  1111     10        12       53.06           2
  1111     10        13       50.53           2
  1111     10        14       73.82           2
  1111     10        15       16.50           1
  1111     11         1       75.05           2
  1111     11         2       67.95           2
  1111     11         3       52.84           2
  1111     11         4       46.53           2
  1111     11         5       30.75           1
  1111     11         6       63.41           2
  1111     11         7       59.47           2
  1111     11         8       83.51           2
  1111     11         9       31.16           2
  1111     11        10       75.47           2
  1111     11        11       52.84           2
  1111     11        12       90.91           2
  1111     11        13       63.30           2
  1111     11        14       24.11           2
  1111     11        15       35.20           2
  1111     12         1       62.92           2
  1111     12         2       63.41           2
  1111     12         3       41.21           2
  1111     12         4       36.23           2
  1111     12         5       29.34           1
  1111     12         6       49.54           2
  1111     12         7       46.44           2
  1111     12         8       71.44           2
  1111     12         9       82.28           2
  1111     12        10       63.41           2
  1111     12        11       41.21           2
  1111     12        12       78.84           2
  1111     12        13       78.84           2
  1111     12        14       63.41           2
  1111     12        15       93.13           2
   194      1         1        0.00           0
   194      1         2        0.00           0
   194      1         3        0.00           0
   194      1         4        0.00           0
   194      1         5        0.00           0
   194      1         6        0.00           0
   194      1         7        0.00           0
   194      1         8        0.00           0
   194      1         9        0.00           0
   194      1        10        0.00           0
   194      1        11        0.00           0
   194      1        12        0.00           0
   194      1        13        0.00           0
   194      1        14        0.00           0
   194      1        15        0.00           0
   194      2         1        0.00           0
   194      2         2        0.00           0
   194      2         3        0.00           0
   194      2         4        0.00           0
   194      2         5        0.00           0
   194      2         6        0.00           0
   194      2         7        0.00           0
   194      2         8        0.00           0
   194      2         9        0.00           0
   194      2        10        0.00           0
   194      2        11        0.00           0
   194      2        12        0.00           0
   194      2        13        0.00           0
   194      2        14        0.00           0
   194      2        15        0.00           0
   194      3         1        0.00           0
   194      3         2        0.00           0
   194      3         3        0.00           0
   194      3         4        0.00           0
   194      3         5        0.00           0
   194      3         6        0.00           0
   194      3         7        0.00           0
   194      3         8        0.00           0
   194      3         9        0.00           0
   194      3        10        0.00           0
   194      3        11        0.00           0
   194      3        12        0.00           0
   194      3        13        0.00           0
   194      3        14        0.00           0
   194      3        15        0.00           0
   194      4         1        0.00           0
   194      4         2        0.00           0
   194      4         3        0.00           0
   194      4         4        0.00           0
   194      4         5        0.00           0
   194      4         6        0.00           0
   194      4         7        0.00           0
   194      4         8        0.00           0
   194      4         9        0.00           0
   194      4        10        0.00           0
   194      4        11        0.00           0
   194      4        12        0.00           0
   194      4        13        0.00           0
   194      4        14        0.00           0
   194      4        15        0.00           0
   194      5         1        0.00           0
   194      5         2        0.00           0
   194      5         3        0.00           0
   194      5         4        0.00           0
   194      5         5        0.00           0
   194      5         6        0.00           0
   194      5         7        0.00           0
   194      5         8        0.00           0
   194      5         9        0.00           0
   194      5        10        0.00           0
   194      5        11        0.00           0
   194      5        12        0.00           0
   194      5        13        0.00           0
   194      5        14        0.00           0
   194      5        15        0.00           0
   194      6         1        0.00           0
   194      6         2        0.00           0
   194      6         3        0.00           0
   194      6         4        0.00           0
   194      6         5        0.00           0
   194      6         6        0.00           0
   194      6         7        0.00           0
   194      6         8        0.00           0
   194      6         9        0.00           0
   194      6        10        0.00           0
   194      6        11        0.00           0
   194      6        12        0.00           0
   194      6        13        0.00           0
   194      6        14        0.00           0
   194      6        15        0.00           0
   194      7         1        0.00           0
   194      7         2        0.00           0
   194      7         3        0.00           0
   194      7         4        0.00           0
   194      7         5        0.00           0
   194      7         6        0.00           0
   194      7         7        0.00           0
   194      7         8        0.00           0
   194      7         9        0.00           0
   194      7        10        0.00           0
   194      7        11        0.00           0
   194      7        12        0.00           0
   194      7        13        0.00           0
   194      7        14        0.00           0
   194      7        15        0.00           0
   194      8         1        0.00           0
   194      8         2        0.00           0
   194      8         3        0.00           0
   194      8         4        0.00           0
   194      8         5        0.00           0
   194      8         6        0.00           0
   194      8         7        0.00           0
   194      8         8       -0.00           0
   194      8         9        0.00           0
   194      8        10        0.00           0
   194      8        11        0.00           0
   194      8        12        0.00           0
   194      8        13        0.00           0
   194      8        14        0.00           0
   194      8        15        0.00           0
   194      9         1       12.70           1
   194      9         2       -0.00           0
   194      9         3       12.70           1
   194      9         4        0.00           0
   194      9         5        0.00           0
   194      9         6        0.00           0
   194      9         7       12.70           1
   194      9         8       68.07           2
   194      9         9       12.70           1
   194      9        10       68.07           2
   194      9        11        0.00           0
   194      9        12        0.00           0
   194      9        13        0.00           0
   194      9        14       43.02           2
   194      9        15       12.70           1
   194     10         1       74.18           2
   194     10         2       78.41           2
   194     10         3       50.93           2
   194     10         4       29.25           2
   194     10         5       78.41           2
   194     10         6       78.41           2
   194     10         7       21.48           1
   194     10         8       58.47           2
   194     10         9       27.67           2
   194     10        10       39.68           2
   194     10        11       73.21           2
   194     10        12       21.14           1
   194     10        13       78.41           2
   194     10        14       65.47           2
   194     10        15        0.00           0
   194     11         1       23.62           2
   194     11         2       67.55           2
   194     11         3       68.74           2
   194     11         4       78.39           2
   194     11         5       67.55           2
   194     11         6       67.55           2
   194     11         7       76.71           2
   194     11         8        0.00           0
   194     11         9       74.16           2
   194     11        10       52.92           2
   194     11        11       68.69           2
   194     11        12       81.18           2
   194     11        13       12.60           1
   194     11        14       53.30           2
   194     11        15       82.62           2
   194     12         1       60.48           2
   194     12         2       52.88           2
   194     12         3       54.25           2
   194     12         4       65.09           2
   194     12         5       47.24           2
   194     12         6       10.12           1
   194     12         7       63.41           2
   194     12         8       53.93           2
   194     12         9       60.48           2
   194     12        10       39.86           2
   194     12        11       54.20           2
   194     12        12       67.88           2
   194     12        13       69.32           2
   194     12        14       40.16           2
   194     12        15       69.32           2
   642      1         1        0.00           0
   642      1         2        0.00           0
   642      1         3        0.00           0
   642      1         4        0.00           0
   642      1         5        0.00           0
   642      1         6        0.00           0
   642      1         7        0.00           0
   642      1         8        0.00           0
   642      1         9        0.00           0
   642      1        10        0.00           0
   642      1        11        0.00           0
   642      1        12        0.00           0
   642      1        13        0.00           0
   642      1        14        0.00           0
   642      1        15        0.00           0
   642      2         1        0.00           0
   642      2         2        0.00           0
   642      2         3        0.00           0
   642      2         4        0.00           0
   642      2         5        0.00           0
   642      2         6        0.00           0
   642      2         7        0.00           0
   642      2         8        0.00           0
   642      2         9        0.00           0
   642      2        10        0.00           0
   642      2        11        0.00           0
   642      2        12        0.00           0
   642      2        13        0.00           0
   642      2        14        0.00           0
   642      2        15        0.00           0
   642      3         1        0.00           0
   642      3         2        0.00           0
   642      3         3        0.00           0
   642      3         4        0.00           0
   642      3         5        0.00           0
   642      3         6        0.00           0
   642      3         7        0.00           0
   642      3         8        0.00           0
   642      3         9        0.00           0
   642      3        10        0.00           0
   642      3        11        0.00           0
   642      3        12        0.00           0
   642      3        13        0.00           0
   642      3        14        0.00           0
   642      3        15        0.00           0
   642      4         1        0.00           0
   642      4         2        0.00           0
   642      4         3        0.00           0
   642      4         4        0.00           0
   642      4         5        0.00           0
   642      4         6        0.00           0
   642      4         7        0.00           0
   642      4         8        0.00           0
   642      4         9        0.00           0
   642      4        10        0.00           0
   642      4        11        0.00           0
   642      4        12        0.00           0
   642      4        13        0.00           0
   642      4        14        0.00           0
   642      4        15        0.00           0
   642      5         1        0.00           0
   642      5         2        0.00           0
   642      5         3        0.00           0
   642      5         4        0.00           0
   642      5         5        0.00           0
   642      5         6        0.00           0
   642      5         7        0.00           0
   642      5         8        0.00           0
   642      5         9        0.00           0
   642      5        10        3.71           1
   642      5        11        0.00           0
   642      5        12        0.00           0
   642      5        13        0.00           0
   642      5        14        0.00           0
   642      5        15        0.00           0
   642      6         1        0.00           0
   642      6         2        0.00           0
   642      6         3        0.00           0
   642      6         4        0.00           0
   642      6         5        0.00           0
   642      6         6        0.00           0
   642      6         7        0.00           0
   642      6         8        0.00           0
   642      6         9        0.00           0
   642      6        10        0.00           0
   642      6        11        0.00           0
   642      6        12        0.00           0
   642      6        13        0.00           0
   642      6        14        0.00           0
   642      6        15        0.00           0
   642      7         1        0.00           0
   642      7         2        0.00           0
   642      7         3        0.00           0
   642      7         4        0.00           0
   642      7         5        0.00           0
   642      7         6        0.00           0
   642      7         7        0.00           0
   642      7         8        0.00           0
   642      7         9        0.00           0
   642      7        10        0.00           0
   642      7        11        0.00           0
   642      7        12        0.00           0
   642      7        13        0.00           0
   642      7        14        0.00           0
   642      7        15        0.00           0
   642      8         1        0.00           0
   642      8         2        0.00           0
   642      8         3        0.00           0
   642      8         4        0.00           0
   642      8         5        0.00           0
   642      8         6        0.00           0
   642      8         7        0.00           0
   642      8         8        0.00           0
   642      8         9        9.56           1
   642      8        10        0.00           0
   642      8        11        0.00           0
   642      8        12        0.00           0
   642      8        13        0.00           0
   642      8        14        0.00           0
   642      8        15        0.00           0
   642      9         1        0.00           0
   642      9         2        0.00           0
   642      9         3        0.00           0
   642      9         4        0.00           0
   642      9         5       11.50           1
   642      9         6        0.00           0
   642      9         7        0.00           0
   642      9         8        0.00           0
   642      9         9        0.00           0
   642      9        10        0.00           0
   642      9        11        0.00           0
   642      9        12        0.00           0
   642      9        13        0.00           0
   642      9        14        0.00           0
   642      9        15        0.00           0
   642     10         1       21.33           1
   642     10         2       35.49           1
   642     10         3       70.98           2
   642     10         4       18.27           1
   642     10         5       45.83           2
   642     10         6       13.24           1
   642     10         7       70.98           2
   642     10         8       70.98           2
   642     10         9       24.90           2
   642     10        10        0.00           0
   642     10        11       54.35           2
   642     10        12       27.36           1
   642     10        13       70.98           2
   642     10        14       13.24           1
   642     10        15       59.88           2
   642     11         1       72.45           2
   642     11         2       69.00           2
   642     11         3       58.75           2
   642     11         4       58.75           2
   642     11         5       60.12           2
   642     11         6       64.52           2
   642     11         7       58.75           2
   642     11         8       58.75           2
   642     11         9       32.90           2
   642     11        10       74.43           2
   642     11        11       63.41           2
   642     11        12       70.99           2
   642     11        13       58.75           2
   642     11        14       74.43           2
   642     11        15       11.58           1
   642     12         1       58.03           2
   642     12         2       54.07           2
   642     12         3       30.66           2
   642     12         4       63.41           2
   642     12         5       31.37           2
   642     12         6       63.41           2
   642     12         7       43.97           2
   642     12         8       43.97           2
   642     12         9       60.95           2
   642     12        10       60.30           2
   642     12        11       47.64           2
   642     12        12       56.35           2
   642     12        13       43.97           2
   642     12        14       60.30           2
   642     12        15       63.41           2
  1105      1         1        0.00           0
  1105      1         2        0.00           0
  1105      1         3        0.00           0
  1105      1         4        0.00           0
  1105      1         5        0.00           0
  1105      1         6        0.00           0
  1105      1         7        0.00           0
  1105      1         8        0.00           0
  1105      1         9        0.00           0
  1105      1        10        0.00           0
  1105      1        11        0.00           0
  1105      1        12        0.00           0
  1105      1        13        0.00           0
  1105      1        14        0.00           0
  1105      1        15        0.00           0
  1105      2         1        0.00           0
  1105      2         2        0.00           0
  1105      2         3        0.00           0
  1105      2         4        0.00           0
  1105      2         5        0.00           0
  1105      2         6        0.00           0
  1105      2         7        0.00           0
  1105      2         8        0.00           0
  1105      2         9        0.00           0
  1105      2        10        0.00           0
  1105      2        11        0.00           0
  1105      2        12        0.00           0
  1105      2        13        0.00           0
  1105      2        14        0.00           0
  1105      2        15        0.00           0
  1105      3         1        0.00           0
  1105      3         2        0.00           0
  1105      3         3        0.00           0
  1105      3         4        0.00           0
  1105      3         5        0.00           0
  1105      3         6        0.00           0
  1105      3         7        0.00           0
  1105      3         8        0.00           0
  1105      3         9        0.00           0
  1105      3        10        0.00           0
  1105      3        11        0.00           0
  1105      3        12        0.00           0
  1105      3        13        0.00           0
  1105      3        14        0.00           0
  1105      3        15        0.00           0
  1105      4         1        0.00           0
  1105      4         2        0.00           0
  1105      4         3        0.00           0
  1105      4         4        0.00           0
  1105      4         5        0.00           0
  1105      4         6        0.00           0
  1105      4         7        0.00           0
  1105      4         8        0.00           0
  1105      4         9        0.00           0
  1105      4        10        0.00           0
  1105      4        11        0.00           0
  1105      4        12        0.00           0
  1105      4        13        0.00           0
  1105      4        14        0.00           0
  1105      4        15        0.00           0
  1105      5         1        0.00           0
  1105      5         2        0.00           0
  1105      5         3        0.00           0
  1105      5         4        0.00           0
  1105      5         5        0.00           0
  1105      5         6        0.00           0
  1105      5         7        0.00           0
  1105      5         8        0.00           0
  1105      5         9        0.00           0
  1105      5        10        0.00           0
  1105      5        11        0.00           0
  1105      5        12        0.00           0
  1105      5        13        0.00           0
  1105      5        14        0.00           0
  1105      5        15        0.00           0
  1105      6         1        0.00           0
  1105      6         2        0.00           0
  1105      6         3        0.00           0
  1105      6         4        0.00           0
  1105      6         5        0.00           0
  1105      6         6        0.00           0
  1105      6         7        0.00           0
  1105      6         8        0.00           0
  1105      6         9        0.00           0
  1105      6        10        0.00           0
  1105      6        11        0.00           0
  1105      6        12        0.00           0
  1105      6        13        0.00           0
  1105      6        14        0.00           0
  1105      6        15        0.00           0
  1105      7         1        0.00           0
  1105      7         2        0.00           0
  1105      7         3        0.00           0
  1105      7         4        0.00           0
  1105      7         5        0.00           0
  1105      7         6        0.00           0
  1105      7         7        7.06           1
  1105      7         8        0.00           0
  1105      7         9        0.00           0
  1105      7        10        0.00           0
  1105      7        11        0.00           0
  1105      7        12        0.00           0
  1105      7        13        0.00           0
  1105      7        14        0.00           0
  1105      7        15        0.00           0
  1105      8         1        0.00           0
  1105      8         2        0.00           0
  1105      8         3        0.00           0
  1105      8         4        0.00           0
  1105      8         5        0.00           0
  1105      8         6        8.98           1
  1105      8         7        0.00           0
  1105      8         8        0.00           0
  1105      8         9        8.98           1
  1105      8        10        0.00           0
  1105      8        11        8.98           1
  1105      8        12       17.96           2
  1105      8        13        0.00           0
  1105      8        14        8.98           1
  1105      8        15        0.00           0
  1105      9         1       10.82           1
  1105      9         2       21.64           2
  1105      9         3       21.64           2
  1105      9         4        0.00           0
  1105      9         5       21.64           2
  1105      9         6        0.00           0
  1105      9         7        0.00           0
  1105      9         8        0.00           0
  1105      9         9       10.03           1
  1105      9        10        0.00           0
  1105      9        11       20.06           2
  1105      9        12       18.49           2
  1105      9        13        0.00           0
  1105      9        14       10.03           1
  1105      9        15        0.00           0
  1105     10         1       62.49           2
  1105     10         2       57.63           2
  1105     10         3       57.63           2
  1105     10         4       66.84           2
  1105     10         5       57.63           2
  1105     10         6       62.49           2
  1105     10         7       62.49           2
  1105     10         8       33.47           2
  1105     10         9       57.63           2
  1105     10        10       66.84           2
  1105     10        11       36.49           2
  1105     10        12       33.27           2
  1105     10        13       66.84           2
  1105     10        14       57.63           2
  1105     10        15       33.47           2
  1105     11         1       48.82           2
  1105     11         2       44.99           2
  1105     11         3       44.99           2
  1105     11         4       53.49           2
  1105     11         5       44.99           2
  1105     11         6       48.82           2
  1105     11         7       48.82           2
  1105     11         8       63.41           2
  1105     11         9       44.99           2
  1105     11        10       53.49           2
  1105     11        11       46.26           2
  1105     11        12       41.92           2
  1105     11        13       53.49           2
  1105     11        14       31.33           2
  1105     11        15       63.41           2
  1105     12         1       35.69           2
  1105     12         2       32.67           2
  1105     12         3       32.67           2
  1105     12         4       39.36           2
  1105     12         5       32.67           2
  1105     12         6       35.69           2
  1105     12         7       35.69           2
  1105     12         8       47.19           2
  1105     12         9       32.67           2
  1105     12        10       39.36           2
  1105     12        11       33.67           2
  1105     12        12       30.25           2
  1105     12        13       39.36           2
  1105     12        14       36.95           2
  1105     12        15       47.19           2
   197      1         1        0.00           0
   197      1         2        0.00           0
   197      1         3        0.00           0
   197      1         4        0.00           0
   197      1         5        0.00           0
   197      1         6        0.00           0
   197      1         7        0.00           0
   197      1         8        0.00           0
   197      1         9        0.00           0
   197      1        10        0.00           0
   197      1        11        0.00           0
   197      1        12        0.00           0
   197      1        13        0.00           0
   197      1        14        0.00           0
   197      1        15        0.00           0
   197      2         1        0.00           0
   197      2         2        0.00           0
   197      2         3        0.00           0
   197      2         4        0.00           0
   197      2         5        0.00           0
   197      2         6        0.00           0
   197      2         7        0.00           0
   197      2         8        0.00           0
   197      2         9        0.00           0
   197      2        10        0.00           0
   197      2        11        0.00           0
   197      2        12        0.00           0
   197      2        13        0.00           0
   197      2        14        0.00           0
   197      2        15        0.00           0
   197      3         1        0.00           0
   197      3         2        0.00           0
   197      3         3        0.00           0
   197      3         4        0.00           0
   197      3         5        0.00           0
   197      3         6        0.00           0
   197      3         7        0.00           0
   197      3         8        0.00           0
   197      3         9        0.00           0
   197      3        10        0.00           0
   197      3        11        0.00           0
   197      3        12        0.00           0
   197      3        13        0.00           0
   197      3        14        0.00           0
   197      3        15        0.00           0
   197      4         1        0.00           0
   197      4         2        0.00           0
   197      4         3        0.00           0
   197      4         4        0.00           0
   197      4         5        0.00           0
   197      4         6        0.00           0
   197      4         7        0.00           0
   197      4         8        0.00           0
   197      4         9        0.00           0
   197      4        10        0.00           0
   197      4        11        0.00           0
   197      4        12        0.00           0
   197      4        13        0.00           0
   197      4        14        0.00           0
   197      4        15        0.00           0
   197      5         1        0.00           0
   197      5         2        0.00           0
   197      5         3        0.00           0
   197      5         4        0.00           0
   197      5         5        0.00           0
   197      5         6        0.00           0
   197      5         7        0.00           0
   197      5         8        0.00           0
   197      5         9        0.00           0
   197      5        10        0.00           0
   197      5        11        0.00           0
   197      5        12        0.00           0
   197      5        13        0.00           0
   197      5        14        0.00           0
   197      5        15        0.00           0
   197      6         1        0.00           0
   197      6         2        0.00           0
   197      6         3        0.00           0
   197      6         4        0.00           0
   197      6         5        0.00           0
   197      6         6        0.00           0
   197      6         7        0.00           0
   197      6         8        0.00           0
   197      6         9        0.00           0
   197      6        10        0.00           0
   197      6        11        0.00           0
   197      6        12        0.00           0
   197      6        13        0.00           0
   197      6        14        0.00           0
   197      6        15        0.00           0
   197      7         1        0.00           0
   197      7         2        0.00           0
   197      7         3        0.00           0
   197      7         4        0.00           0
   197      7         5        0.00           0
   197      7         6        0.00           0
   197      7         7        0.00           0
   197      7         8        0.00           0
   197      7         9        0.00           0
   197      7        10        0.00           0
   197      7        11        0.00           0
   197      7        12        0.00           0
   197      7        13        0.00           0
   197      7        14        0.00           0
   197      7        15        0.00           0
   197      8         1       64.51           2
   197      8         2        0.00           0
   197      8         3       34.09           1
   197      8         4        0.00           0
   197      8         5        0.00           0
   197      8         6       12.72           1
   197      8         7        0.00           0
   197      8         8        0.00           0
   197      8         9       55.80           2
   197      8        10       68.18           2
   197      8        11        0.00           0
   197      8        12       12.72           1
   197      8        13        0.00           0
   197      8        14       34.09           1
   197      8        15        0.00           0
   197      9         1       41.13           2
   197      9         2       60.34           2
   197      9         3       13.54           1
   197      9         4       40.89           2
   197      9         5       82.25           2
   197      9         6       78.03           2
   197      9         7       82.25           2
   197      9         8       41.13           1
   197      9         9       12.33           1
   197      9        10       11.74           1
   197      9        11       56.47           2
   197      9        12       78.03           2
   197      9        13       82.25           2
   197      9        14       13.54           1
   197      9        15       15.34           1
   197     10         1       63.41           2
   197     10         2       80.17           2
   197     10         3       80.99           2
   197     10         4       84.26           2
   197     10         5       51.18           2
   197     10         6       71.34           2
   197     10         7       39.87           2
   197     10         8       85.21           2
   197     10         9        0.00           0
   197     10        10       71.34           2
   197     10        11       80.99           2
   197     10        12        0.00           0
   197     10        13       43.72           2
   197     10        14       68.97           2
   197     10        15       90.64           2
   197     11         1       53.11           2
   197     11         2       56.22           2
   197     11         3       72.03           2
   197     11         4       75.30           2
   197     11         5       65.76           2
   197     11         6       62.22           2
   197     11         7       75.30           2
   197     11         8       76.26           2
   197     11         9       56.79           2
   197     11        10       11.64           1
   197     11        11       72.03           2
   197     11        12       59.30           2
   197     11        13       70.40           2
   197     11        14       75.30           2
   197     11        15       81.68           2
   197     12         1       41.62           2
   197     12         2       63.41           2
   197     12         3       59.64           2
   197     12         4       63.41           2
   197     12         5       63.41           2
   197     12         6       48.80           2
   197     12         7       63.41           2
   197     12         8       64.36           2
   197     12         9       78.73           2
   197     12        10       65.55           2
   197     12        11       59.64           2
   197     12        12       75.88           2
   197     12        13       63.41           2
   197     12        14       63.41           2
   197     12        15       69.78           2
   645      1         1        0.00           0
   645      1         2        0.00           0
   645      1         3        0.00           0
   645      1         4        0.00           0
   645      1         5        0.00           0
   645      1         6        0.00           0
   645      1         7        0.00           0
   645      1         8        0.00           0
   645      1         9        0.00           0
   645      1        10        0.00           0
   645      1        11        0.00           0
   645      1        12        0.00           0
   645      1        13        0.00           0
   645      1        14        0.00           0
   645      1        15        0.00           0
   645      2         1        0.00           0
   645      2         2        0.00           0
   645      2         3        0.00           0
   645      2         4        0.00           0
   645      2         5        0.00           0
   645      2         6        0.00           0
   645      2         7        0.00           0
   645      2         8        0.00           0
   645      2         9        0.00           0
   645      2        10        0.00           0
   645      2        11        0.00           0
   645      2        12        0.00           0
   645      2        13        0.00           0
   645      2        14        0.00           0
   645      2        15        0.00           0
   645      3         1        0.00           0
   645      3         2        0.00           0
   645      3         3        0.00           0
   645      3         4        0.00           0
   645      3         5        0.00           0
   645      3         6        0.00           0
   645      3         7        0.00           0
   645      3         8        0.00           0
   645      3         9        0.00           0
   645      3        10        0.00           0
   645      3        11        0.00           0
   645      3        12        0.00           0
   645      3        13        0.00           0
   645      3        14        0.00           0
   645      3        15        0.00           0
   645      4         1        0.00           0
   645      4         2        0.00           0
   645      4         3        0.00           0
   645      4         4        0.00           0
   645      4         5        0.00           0
   645      4         6        0.00           0
   645      4         7        0.00           0
   645      4         8        0.00           0
   645      4         9        0.00           0
   645      4        10        0.00           0
   645      4        11        0.00           0
   645      4        12        0.00           0
   645      4        13        0.00           0
   645      4        14        0.00           0
   645      4        15        0.00           0
   645      5         1        0.00           0
   645      5         2       -0.00           0
   645      5         3        0.00           0
   645      5         4        0.00           0
   645      5         5        0.00           0
   645      5         6        0.00           0
   645      5         7       -0.00 1.28286e-13
   645      5         8        0.00 1.22155e-13
   645      5         9        0.00           0
   645      5        10        0.00           0
   645      5        11        0.00           0
   645      5        12        0.00           0
   645      5        13        0.00           0
   645      5        14       -0.00-2.86049e-13
   645      5        15        0.00           0
   645      6         1        0.00           0
   645      6         2       -0.00-3.96622e-13
   645      6         3        0.00           0
   645      6         4        0.00           0
   645      6         5        0.00           0
   645      6         6       -0.00           0
   645      6         7       -0.00-6.52097e-12
   645      6         8        0.00           0
   645      6         9        0.00           0
   645      6        10        0.00           0
   645      6        11        0.00           0
   645      6        12        0.00           0
   645      6        13        0.00           0
   645      6        14       -0.00-3.17215e-12
   645      6        15        0.00           0
   645      7         1        0.00           0
   645      7         2        0.00 2.16017e-13
   645      7         3        0.00           0
   645      7         4        0.00           0
   645      7         5        0.00           0
   645      7         6       -0.00-5.41771e-13
   645      7         7        0.00 2.20835e-11
   645      7         8        0.00           0
   645      7         9        0.00           0
   645      7        10        0.00           0
   645      7        11        0.00           0
   645      7        12        0.00           0
   645      7        13        0.00           0
   645      7        14       -0.00-1.56164e-12
   645      7        15        0.00           0
   645      8         1        0.00           0
   645      8         2        0.00 2.16017e-13
   645      8         3        0.00           0
   645      8         4        0.00           0
   645      8         5        0.00           0
   645      8         6        0.00-5.41771e-13
   645      8         7        0.00 5.04574e-13
   645      8         8        0.00           0
   645      8         9        0.00           0
   645      8        10        0.00           0
   645      8        11        0.00           0
   645      8        12        0.00 1.02391e-13
   645      8        13        0.00           0
   645      8        14        0.00 1.52601e-12
   645      8        15        0.00 6.15841e-13
   645      9         1        0.00           0
   645      9         2        0.00           0
   645      9         3        0.00           0
   645      9         4        0.00           0
   645      9         5        0.00           0
   645      9         6       10.69           1
   645      9         7       21.37           2
   645      9         8        0.00           0
   645      9         9       21.37           2
   645      9        10        0.00           0
   645      9        11        0.00           0
   645      9        12        0.00           0
   645      9        13        0.00           0
   645      9        14       -0.00-9.78299e-12
   645      9        15        0.00  3.2094e-13
   645     10         1       30.85           2
   645     10         2       33.07           1
   645     10         3       66.13           2
   645     10         4       66.13           2
   645     10         5       30.85           2
   645     10         6       30.84           1
   645     10         7       56.82           2
   645     10         8       66.13           2
   645     10         9       56.82           2
   645     10        10       66.13           2
   645     10        11       66.13           2
   645     10        12        0.00           0
   645     10        13       66.13           2
   645     10        14       66.13           2
   645     10        15       66.13           2
   645     11         1       63.41           2
   645     11         2       63.83           2
   645     11         3       52.81           2
   645     11         4       52.81           2
   645     11         5       63.41           2
   645     11         6       52.81           2
   645     11         7       23.54           2
   645     11         8       52.81           2
   645     11         9       44.48           2
   645     11        10       52.81           2
   645     11        11       52.81           2
   645     11        12       57.25           2
   645     11        13       35.90           2
   645     11        14       27.44           2
   645     11        15       52.81           2
   645     12         1       47.44           2
   645     12         2       47.93           2
   645     12         3       39.08           2
   645     12         4       39.08           2
   645     12         5       32.96           2
   645     12         6       46.15           2
   645     12         7       39.08           2
   645     12         8       39.08           2
   645     12         9       32.52           2
   645     12        10       39.08           2
   645     12        11       39.08           2
   645     12        12       63.41           2
   645     12        13       30.93           2
   645     12        14       32.69           2
   645     12        15       39.08           2
  1108      1         1        0.00           0
  1108      1         2        0.00           0
  1108      1         3        0.00           0
  1108      1         4        0.00           0
  1108      1         5        0.00           0
  1108      1         6        0.00           0
  1108      1         7        0.00           0
  1108      1         8        0.00           0
  1108      1         9        0.00           0
  1108      1        10        0.00           0
  1108      1        11        0.00           0
  1108      1        12        0.00           0
  1108      1        13        0.00           0
  1108      1        14        0.00           0
  1108      1        15        0.00           0
  1108      2         1        0.00           0
  1108      2         2        0.00           0
  1108      2         3        0.00           0
  1108      2         4        0.00           0
  1108      2         5        0.00           0
  1108      2         6        0.00           0
  1108      2         7        0.00           0
  1108      2         8        0.00           0
  1108      2         9        0.00           0
  1108      2        10        0.00           0
  1108      2        11        0.00           0
  1108      2        12        0.00           0
  1108      2        13        0.00           0
  1108      2        14        0.00           0
  1108      2        15        0.00           0
  1108      3         1        0.00           0
  1108      3         2        0.00           0
  1108      3         3        0.00           0
  1108      3         4        0.00           0
  1108      3         5        0.00           0
  1108      3         6        0.00           0
  1108      3         7        0.00           0
  1108      3         8        0.00           0
  1108      3         9        0.00           0
  1108      3        10        0.00           0
  1108      3        11        0.00           0
  1108      3        12        0.00           0
  1108      3        13        0.00           0
  1108      3        14        0.00           0
  1108      3        15        0.00           0
  1108      4         1        0.00           0
  1108      4         2        0.00           0
  1108      4         3        0.00           0
  1108      4         4        0.00           0
  1108      4         5        0.00           0
  1108      4         6        0.00           0
  1108      4         7        0.00           0
  1108      4         8        0.00           0
  1108      4         9        0.00           0
  1108      4        10        0.00           0
  1108      4        11        0.00           0
  1108      4        12        0.00           0
  1108      4        13        0.00           0
  1108      4        14        0.00           0
  1108      4        15        0.00           0
  1108      5         1        0.00           0
  1108      5         2        0.00           0
  1108      5         3        0.00           0
  1108      5         4        0.00           0
  1108      5         5        0.00           0
  1108      5         6        0.00           0
  1108      5         7        0.00           0
  1108      5         8        0.00           0
  1108      5         9        0.00           0
  1108      5        10        0.00           0
  1108      5        11        0.00           0
  1108      5        12        0.00           0
  1108      5        13        0.00           0
  1108      5        14        0.00           0
  1108      5        15        0.00           0
  1108      6         1        0.00           0
  1108      6         2        0.00           0
  1108      6         3        0.00           0
  1108      6         4        0.00           0
  1108      6         5        0.00           0
  1108      6         6        0.00           0
  1108      6         7        0.00           0
  1108      6         8        0.00           0
  1108      6         9        0.00           0
  1108      6        10        0.00           0
  1108      6        11        0.00           0
  1108      6        12        0.00           0
  1108      6        13        0.00           0
  1108      6        14        0.00           0
  1108      6        15        0.00           0
  1108      7         1       16.47           2
  1108      7         2        0.00           0
  1108      7         3        0.00           0
  1108      7         4        0.00           0
  1108      7         5        8.23           1
  1108      7         6        0.00           0
  1108      7         7        0.00           0
  1108      7         8        0.00           0
  1108      7         9        8.23           1
  1108      7        10        0.00           0
  1108      7        11       16.47           2
  1108      7        12       16.47           2
  1108      7        13        0.00           0
  1108      7        14       16.47           2
  1108      7        15        0.00           0
  1108      8         1        0.00           0
  1108      8         2       20.96           2
  1108      8         3       20.96           2
  1108      8         4        0.00           0
  1108      8         5        0.00           0
  1108      8         6        0.00           0
  1108      8         7       20.96           2
  1108      8         8       20.96           2
  1108      8         9        9.69           1
  1108      8        10        0.00           0
  1108      8        11       17.81           2
  1108      8        12        0.00           0
  1108      8        13       10.48           1
  1108      8        14        8.90           1
  1108      8        15       10.48           1
  1108      9         1       58.70           2
  1108      9         2       48.47           2
  1108      9         3       22.13           2
  1108      9         4       67.77           2
  1108      9         5       63.54           2
  1108      9         6       67.77           2
  1108      9         7       58.70           2
  1108      9         8       11.06           1
  1108      9         9       58.70           2
  1108      9        10       67.77           2
  1108      9        11        0.00           0
  1108      9        12        0.00           0
  1108      9        13       31.38           2
  1108      9        14       43.23           2
  1108      9        15       31.33           2
  1108     10         1        9.56           1
  1108     10         2       52.67           2
  1108     10         3       60.92           2
  1108     10         4       58.18           2
  1108     10         5        0.00           0
  1108     10         6       58.18           2
  1108     10         7       46.14           2
  1108     10         8       65.47           2
  1108     10         9       24.73           1
  1108     10        10       58.18           2
  1108     10        11        0.00           0
  1108     10        12       69.70           2
  1108     10        13       63.41           2
  1108     10        14       48.96           2
  1108     10        15       63.41           2
  1108     11         1       54.43           2
  1108     11         2       42.60           2
  1108     11         3       49.10           2
  1108     11         4       46.94           2
  1108     11         5       63.16           2
  1108     11         6       46.94           2
  1108     11         7       41.11           2
  1108     11         8       53.44           2
  1108     11         9       49.68           2
  1108     11        10       46.94           2
  1108     11        11       69.80           2
  1108     11        12       58.30           2
  1108     11        13       51.06           2
  1108     11        14       39.67           2
  1108     11        15       51.06           2
  1108     12         1       41.25           2
  1108     12         2       31.92           2
  1108     12         3       37.05           2
  1108     12         4       35.34           2
  1108     12         5       48.12           2
  1108     12         6       35.34           2
  1108     12         7       30.74           2
  1108     12         8       40.46           2
  1108     12         9       26.37           2
  1108     12        10       24.94           2
  1108     12        11       55.67           2
  1108     12        12       44.29           2
  1108     12        13       38.59           2
  1108     12        14       29.61           2
  1108     12        15       38.59           2
